1GGZ.pdb	44.515	21.130	-5.965	13.816
1GGZ.pdb	42.515	23.130	-5.965	11.974
1GGZ.pdb	44.515	23.130	-5.965	11.844
1GGZ.pdb	42.515	21.130	-5.965	10.696
1GGZ.pdb	52.515	21.130	4.035	10.598
1GGZ.pdb	8.515	1.130	10.035	8.595
1GGZ.pdb	2.515	7.130	20.035	7.990
1GGZ.pdb	40.515	23.130	-5.965	7.769
1GGZ.pdb	32.515	5.130	10.035	7.489
1GGZ.pdb	10.515	3.130	4.035	6.905
1GGZ.pdb	4.515	11.130	24.035	6.879
1GGZ.pdb	14.515	3.130	8.035	6.671
1GGZ.pdb	8.515	-0.870	10.035	6.572
1GGZ.pdb	8.515	-0.870	8.035	6.441
1GGZ.pdb	32.515	5.130	12.035	6.307
1GGZ.pdb	2.515	11.130	24.035	6.186
1GGZ.pdb	50.515	21.130	2.035	5.957
1GGZ.pdb	40.515	25.130	-3.965	5.940
1GGZ.pdb	6.515	1.130	10.035	5.907
1GGZ.pdb	4.515	-2.870	4.035	5.683
1GGZ.pdb	52.515	25.130	10.035	5.683
1GGZ.pdb	52.515	17.130	8.035	5.523
1GGZ.pdb	30.515	7.130	6.035	5.419
1GGZ.pdb	34.515	13.130	10.035	5.357
1GGZ.pdb	-1.485	3.130	24.035	5.037
1GGZ.pdb	-1.485	5.130	26.035	5.037
1GGZ.pdb	36.515	9.130	12.035	4.909
1GGZ.pdb	46.515	17.130	8.035	4.767
1GGZ.pdb	10.515	1.130	4.035	4.737
1GGZ.pdb	52.515	13.130	-5.965	4.528
1GGZ.pdb	6.515	5.130	6.035	4.470
1GGZ.pdb	6.515	1.130	8.035	4.412
1GGZ.pdb	50.515	19.130	4.035	4.404
1GGZ.pdb	0.515	7.130	20.035	4.404
1GGZ.pdb	30.515	5.130	6.035	4.368
1GGZ.pdb	50.515	17.130	-7.965	4.329
1GGZ.pdb	46.515	23.130	-3.965	4.318
1GGZ.pdb	34.515	13.130	8.035	4.301
1GGZ.pdb	8.515	3.130	8.035	4.130
1GGZ.pdb	42.515	19.130	-5.965	4.106
1GGZ.pdb	8.515	5.130	18.035	4.072
1GGZ.pdb	8.515	3.130	4.035	4.020
1GGZ.pdb	30.515	9.130	6.035	4.014
1GGZ.pdb	52.515	21.130	2.035	3.984
1GGZ.pdb	36.515	7.130	10.035	3.980
1GGZ.pdb	12.515	1.130	6.035	3.933
1GGZ.pdb	44.515	23.130	-3.965	3.762
1GGZ.pdb	48.515	19.130	8.035	3.628
1GGZ.pdb	48.515	19.130	-11.965	3.626
1GGZ.pdb	2.515	5.130	24.035	3.582
1GGZ.pdb	12.515	3.130	8.035	3.568
1GGZ.pdb	42.515	27.130	-7.965	3.499
1GGZ.pdb	54.515	13.130	-5.965	3.478
1GGZ.pdb	6.515	3.130	4.035	3.459
1GGZ.pdb	12.515	5.130	6.035	3.374
1GGZ.pdb	48.515	17.130	10.035	3.360
1GGZ.pdb	12.515	3.130	6.035	3.317
1GGZ.pdb	32.515	5.130	8.035	3.152
1GGZ.pdb	46.515	19.130	-3.965	3.140
1GGZ.pdb	56.515	13.130	-5.965	3.137
1GGZ.pdb	56.515	17.130	6.035	3.074
1GGZ.pdb	30.515	13.130	6.035	3.072
1GGZ.pdb	28.515	13.130	8.035	3.059
1GGZ.pdb	30.515	7.130	4.035	3.027
1GGZ.pdb	8.515	5.130	8.035	3.012
1GGZ.pdb	42.515	25.130	-3.965	2.922
1GGZ.pdb	42.515	19.130	-11.965	2.861
1GGZ.pdb	52.515	19.130	12.035	2.818
1GGZ.pdb	2.515	9.130	28.035	2.800
1GGZ.pdb	36.515	23.130	-7.965	2.778
1GGZ.pdb	40.515	21.130	-5.965	2.768
1GGZ.pdb	32.515	9.130	8.035	2.751
1GGZ.pdb	8.515	11.130	0.035	2.700
1GGZ.pdb	4.515	5.130	24.035	2.694
1GGZ.pdb	30.515	9.130	12.035	2.670
1GGZ.pdb	4.515	7.130	6.035	2.633
1GGZ.pdb	54.515	15.130	-7.965	2.619
1GGZ.pdb	14.515	5.130	6.035	2.566
1GGZ.pdb	44.515	19.130	-13.965	2.525
1GGZ.pdb	40.515	23.130	-13.965	2.522
1GGZ.pdb	40.515	25.130	-13.965	2.522
1GGZ.pdb	54.515	23.130	4.035	2.483
1GGZ.pdb	54.515	25.130	6.035	2.483
1GGZ.pdb	4.515	-4.870	8.035	2.483
1GGZ.pdb	54.515	25.130	8.035	2.483
1GGZ.pdb	4.515	-2.870	10.035	2.483
1GGZ.pdb	46.515	17.130	-3.965	2.469
1GGZ.pdb	6.515	3.130	10.035	2.454
1GGZ.pdb	30.515	9.130	14.035	2.452
1GGZ.pdb	48.515	17.130	6.035	2.390
1GGZ.pdb	60.515	7.130	-9.965	2.341
1GGZ.pdb	6.515	9.130	2.035	2.317
1GGZ.pdb	52.515	17.130	-9.965	2.230
1GGZ.pdb	56.515	-0.870	2.035	2.224
1GGZ.pdb	12.515	-2.870	8.035	2.209
1GGZ.pdb	8.515	11.130	24.035	2.189
1GGZ.pdb	8.515	-0.870	6.035	2.150
1GGZ.pdb	30.515	13.130	10.035	2.131
1GGZ.pdb	-1.485	7.130	22.035	2.124
1GGZ.pdb	-1.485	5.130	24.035	2.124
