1DTS.pdb	17.528000	30.294	8.98	-21.490
1DTS.pdb	-12.208000	17.078	20.544	-8.807
1DTS.pdb	-8.904000	25.339	13.935	-16.767
1DTS.pdb	7.616000	38.555	27.151	-16.941
1DTS.pdb	-12.208000	25.339	32.108	-6.599
1DTS.pdb	14.224000	26.991	33.76	-15.652
1DTS.pdb	-7.252000	36.903	13.935	-10.374
1DTS.pdb	9.268000	30.294	20.544	-14.883
1DTS.pdb	19.180000	20.383	10.632	-8.027
1DTS.pdb	2.660000	30.294	8.98	-19.103
1ISO.pdb	-60.472000	-54.889	-11.159	-11.924
1ISO.pdb	-72.036000	-73.061	15.273	-16.702
1ISO.pdb	-103.424000	-81.322	3.709	-10.679
1ISO.pdb	-105.076000	-63.149	28.49	-8.684
1ISO.pdb	-95.164000	-69.757	-6.202	-6.772
1ISO.pdb	-83.600000	-89.582	11.97	-16.736
1ISO.pdb	-100.120000	-73.061	18.578	-4.611
1ISO.pdb	-88.556000	-63.149	18.578	-18.710
1ISO.pdb	-76.992000	-79.669	26.837	-14.242
1ISO.pdb	-98.468000	-49.934	7.014	-9.798
1RSY.pdb	24.185000	13.312	10.165	-9.512
1RSY.pdb	6.013000	21.572	-12.963	-18.003
1RSY.pdb	24.185000	16.616	-6.355	-14.442
1RSY.pdb	6.013000	0.096	-8.007	-12.859
1RSY.pdb	29.141000	18.268	-17.919	-7.812
1RSY.pdb	10.969000	14.964	3.557	-17.637
1RSY.pdb	14.273000	18.268	-27.831	-13.205
1RSY.pdb	15.925000	0.096	5.209	-10.927
1RSY.pdb	15.925000	10.008	-14.615	-19.189
1RSY.pdb	15.925000	23.224	-12.963	-18.588
1VCC.pdb	27.910000	39.084	76.051	-9.882
1VCC.pdb	26.259000	55.603	71.094	-10.586
1VCC.pdb	11.391000	52.299	72.746	-9.848
1VCC.pdb	27.910000	40.736	52.922	-8.136
1VCC.pdb	22.954000	44.039	62.834	-26.195
1VCC.pdb	13.043000	47.343	62.834	-3.501
1VCC.pdb	36.170000	60.559	72.746	-15.412
1VCC.pdb	34.518000	52.299	66.138	-11.231
1VCC.pdb	24.607000	32.475	61.182	-7.527
1VCC.pdb	14.695000	40.736	71.094	-13.830
