1DTS.pdb	17.528	30.294	8.98
1DTS.pdb	-12.208	17.078	20.544
1DTS.pdb	-8.904	25.339	13.935
1DTS.pdb	7.616	38.555	27.151
1DTS.pdb	-12.208	25.339	32.108
1DTS.pdb	14.224	26.991	33.76
1DTS.pdb	-7.252	36.903	13.935
1DTS.pdb	9.268	30.294	20.544
1DTS.pdb	19.18	20.383	10.632
1DTS.pdb	2.66	30.294	8.98
1ISO.pdb	-60.472	-54.889	-11.159
1ISO.pdb	-72.036	-73.061	15.273
1ISO.pdb	-103.424	-81.322	3.709
1ISO.pdb	-105.076	-63.149	28.49
1ISO.pdb	-95.164	-69.757	-6.202
1ISO.pdb	-83.6	-89.582	11.97
1ISO.pdb	-100.12	-73.061	18.578
1ISO.pdb	-88.556	-63.149	18.578
1ISO.pdb	-76.992	-79.669	26.837
1ISO.pdb	-98.468	-49.934	7.014
1RSY.pdb	24.185	13.312	10.165
1RSY.pdb	6.013	21.572	-12.963
1RSY.pdb	24.185	16.616	-6.355
1RSY.pdb	6.013	0.096	-8.007
1RSY.pdb	29.141	18.268	-17.919
1RSY.pdb	10.969	14.964	3.557
1RSY.pdb	14.273	18.268	-27.831
1RSY.pdb	15.925	0.096	5.209
1RSY.pdb	15.925	10.008	-14.615
1RSY.pdb	15.925	23.224	-12.963
1VCC.pdb	27.91	39.084	76.051
1VCC.pdb	26.259	55.603	71.094
1VCC.pdb	11.391	52.299	72.746
1VCC.pdb	27.91	40.736	52.922
1VCC.pdb	22.954	44.039	62.834
1VCC.pdb	13.043	47.343	62.834
1VCC.pdb	36.17	60.559	72.746
1VCC.pdb	34.518	52.299	66.138
1VCC.pdb	24.607	32.475	61.182
1VCC.pdb	14.695	40.736	71.094
