1BJF.pdb	16.721	-2.444	2.658	16.604
1BJF.pdb	13.212	19.485	6.979	13.712
1BJF.pdb	4.039	27.117	4.877	14.215
1BJF.pdb	21.65	8.826	10.743	12.268
1BJF.pdb	2.469	-0.099	3.157	13.712
1BJF.pdb	-8.859	3.869	2.087	14.769
1CLL.pdb	1.708	47.776	24.197	7.962
1CLL.pdb	-2.112	44.438	13.36	16.604
1CLL.pdb	30.463	11.962	10.473	18.944
1CLL.pdb	29.181	17.963	0.804	13.745
1E8A.pdb	6.148	12.467	15.73	2.195
1E8A.pdb	-4.326	11.224	11.038	9.854
1E8A.pdb	-1.864	36.835	-15.092	7.198
1E8A.pdb	-9.907	28.661	-12.932	9.854
1EXR.pdb	46.224	7.128	-8.698	10.770
1EXR.pdb	36.763	12.606	-4.815	16.604
1EXR.pdb	22.026	-16.616	21.879	14.232
1EXR.pdb	32.674	-10.435	-5.41	-4.944
1EXR.pdb	31.568	-19.422	27.202	17.211
1HQV.pdb	5.7	5.7	34.32	-3.021
1HQV.pdb	35.06	22.261	26.252	13.959
1HQV.pdb	9.863	4.957	42.011	15.221
1HQV.pdb	32.826	-22.495	38.737	5.970
1JFK.pdb	14.398	-5.351	-11.632	5.143
1JFK.pdb	14.806	-17.0	-6.571	12.956
1JFK.pdb	15.92	3.031	27.784	1.012
1JFK.pdb	17.441	-10.424	26.705	4.473
1LIN.pdb	0.904	26.624	11.103	13.194
1LIN.pdb	9.351	31.712	4.546	16.604
1LIN.pdb	16.928	8.144	31.687	16.520
1LIN.pdb	22.517	1.847	23.572	14.270
1REC.pdb	34.898	9.884	42.329	17.437
1SCM.pdb	-0.046	15.511	61.542	4.103
1SCM.pdb	36.163	42.998	37.414	2.324
1TOP.pdb	-20.502	59.428	2.342	16.573
1TOP.pdb	-22.973	50.398	-4.571	16.527
2PSR.pdb	8.577	4.722	13.647	10.260
2SAS.pdb	20.617	16.929	31.643	14.647
2SAS.pdb	15.354	11.875	41.186	12.491
2SAS.pdb	12.942	11.442	4.338	11.222
2SCP.pdb	42.031	2.313	17.471	10.660
2SCP.pdb	48.616	27.088	7.228	12.291
2SCP.pdb	40.404	28.103	-1.298	13.603
2SCP.pdb	38.622	39.828	28.573	10.660
2SCP.pdb	25.425	15.955	34.35	12.291
2SCP.pdb	15.229	17.462	28.057	13.432
4CLN.pdb	-13.422	53.545	31.461	9.560
4CLN.pdb	-17.034	50.424	20.115	13.024
4CLN.pdb	14.193	17.756	17.854	17.920
4CLN.pdb	13.219	23.839	8.816	13.373
4ICB.pdb	22.476	20.277	4.928	7.113
4ICB.pdb	25.786	9.515	6.558	14.315
4TNC.pdb	-20.392	59.446	2.369	16.201
4TNC.pdb	-22.959	50.378	-4.504	14.103
