0	0.999	50.788381680782685
0	0.998001	44.218326920673135
0	0.997002999	44.176812661200316
0	0.996005996001	44.705264827681475
0	0.995009990004999	44.7419003217001
0	0.994014980014994	41.604721816912004
0	0.993020965034979	42.00053064915052
0	0.9920279440699441	41.62800749470814
0	0.9910359161258742	40.914984016692316
0	0.9900448802097482	41.009079548060846
0	0.9890548353295385	41.00907954806084
0	0.988065780494209	40.9807765732289
0	0.9870777147137147	36.23373429501032
0	0.986090636999001	36.23373429501031
0	0.9851045463620021	36.47091971434809
0	0.98411944181564	37.369288060586015
0	0.9831353223738244	36.91834090384548
0	0.9821521870514506	36.8575743466294
0	0.9811700348643991	34.51549559205854
0	0.9801888648295347	34.51549559205854
0	0.9792086759647052	34.111213327075546
0	0.9782294672887405	33.898656905262406
0	0.9772512378214517	33.89865690526238
0	0.9762739865836303	34.11471235201965
0	0.9752977125970467	34.11471235201962
0	0.9743224148844496	34.84686389576422
0	0.9733480924695651	34.89643473912393
0	0.9723747443770956	34.89643473912393
0	0.9714023696327185	34.89643473912392
0	0.9704309672630859	34.11611516933014
0	0.9694605362958227	34.116115169330136
0	0.9684910757595269	33.30474148420902
0	0.9675225846837673	33.42336443600152
0	0.9665550620990835	33.42336443600152
0	0.9655885070369844	33.42336443600152
0	0.9646229185299474	33.83173540142956
0	0.9636582956114175	33.831735401429576
0	0.9626946373158061	33.831735401429576
0	0.9617319426784903	33.83173540142958
0	0.9607702107358118	33.831735401429555
0	0.959809440525076	33.86514037308258
0	0.9588496310845509	33.86514037308257
0	0.9578907814534664	34.0857484833802
0	0.9569328906720129	34.08574848338019
0	0.9559759577813409	34.085748483380215
0	0.9550199818235596	33.78407708041569
0	0.9540649618417361	33.78407708041569
0	0.9531108968798944	34.160663940788254
0	0.9521577859830145	34.16066394078825
0	0.9512056281970315	34.16066394078825
0	0.9502544225688344	34.16066394078825
0	0.9493041681462656	34.02044561980225
0	0.9483548639781193	34.02044561980223
0	0.9474065091141411	34.43139060752492
0	0.946459102605027	36.31320690169884
0	0.9455126435024219	36.31320690169883
0	0.9445671308589195	36.31320690169882
0	0.9436225637280606	36.3132069016988
0	0.9426789411643326	36.92840279174289
0	0.9417362622231683	36.92840279174289
0	0.9407945259609451	38.65084404396352
0	0.9398537314349842	38.74245603543897
0	0.9389138777035492	38.65084404396352
0	0.9379749638258457	38.65084404396353
0	0.9370369888620198	37.508444214616794
0	0.9360999518731578	37.508444214616816
0	0.9351638519212846	37.50844421461677
0	0.9342286880693633	37.36351189002704
0	0.933294459381294	37.36351189002703
0	0.9323611649219127	37.36351189002704
0	0.9314288037569908	38.606566854110646
0	0.9304973749532338	38.60656685411063
0	0.9295668775782806	39.998848727321835
0	0.9286373107007023	40.320186676451314
0	0.9277086733900016	39.95578701284941
0	0.9267809647166116	32.72300449281295
0	0.925854183751895	32.72300449281293
0	0.9249283295681431	32.54125939825611
0	0.9240034012385749	32.54125939825609
0	0.9230793978373364	32.54125939825608
0	0.9221563184394991	32.24267531119886
0	0.9212341621210596	32.24267531119888
0	0.9203129279589385	32.24267531119885
0	0.9193926150309796	32.24267531119886
0	0.9184732224159486	32.24267531119886
0	0.9175547491935327	31.722627390257134
0	0.9166371944443392	31.950113324758252
0	0.9157205572498949	31.950113324758227
0	0.914804836692645	31.950113324758227
0	0.9138900318559524	31.950113324758227
0	0.9129761418240965	31.67562765523157
0	0.9120631656822724	31.60444150243347
0	0.9111511025165902	31.60444150243348
0	0.9102399514140735	31.866093249075597
0	0.9093297114626595	31.866093249075604
0	0.9084203817511969	31.60444150243349
0	0.9075119613694457	31.604441502433485
0	0.9066044494080763	31.604441502433477
0	0.9056978449586682	31.675627655231573
0	0.9047921471137096	31.67562765523158
0	0.9038873549665959	31.228262986422898
0	0.9029834676116293	31.452842690556587
0	0.9020804841440176	31.453490943348402
0	0.9011784036598737	31.453490943348427
0	0.9002772252562138	31.453490943348417
0	0.8993769480309576	30.51783672506385
0	0.8984775710829266	30.51783672506385
0	0.8975790935118436	30.51783672506385
0	0.8966815144183318	30.51783672506385
0	0.8957848329039134	30.51783672506386
0	0.8948890480710096	30.517836725063873
0	0.8939941590229386	30.51783672506385
0	0.8931001648639156	30.51783672506386
0	0.8922070646990518	30.47318468202246
0	0.8913148576343527	30.473184682022453
0	0.8904235427767183	30.47318468202245
0	0.8895331192339416	30.47318468202245
0	0.8886435861147077	30.47318468202246
0	0.887754942528593	30.473184682022456
0	0.8868671875860644	30.473184682022456
0	0.8859803203984784	30.47318468202246
0	0.88509434007808	30.473184682022442
0	0.8842092457380019	31.163542161246816
0	0.8833250364922639	31.163542161246788
0	0.8824417114557717	31.37349463172454
0	0.8815592697443159	31.37349463172452
0	0.8806777104745716	31.373494631724544
0	0.8797970327640969	31.373494631724544
0	0.8789172357313328	32.20073242144967
0	0.8780383184956015	31.950766682424945
0	0.8771602801771059	31.950766682424945
0	0.8762831198969288	32.306375996820606
0	0.8754068367770318	32.30637599682062
0	0.8745314299402548	32.30637599682062
0	0.8736568985103146	32.306375996820606
0	0.8727832416118043	31.08756605274715
0	0.8719104583701925	31.26102980099015
0	0.8710385479118223	31.261029800990144
0	0.8701675093639105	33.144198708478335
0	0.8692973418545467	32.77738838685894
0	0.8684280445126921	32.7773883868589
0	0.8675596164681794	32.7773883868589
0	0.8666920568517111	32.77738838685894
0	0.8658253647948594	32.49309016493455
0	0.8649595394300645	33.36466613697881
0	0.8640945798906344	33.36466613697882
0	0.8632304853107438	33.36466613697882
0	0.862367254825433	32.49309016493454
0	0.8615048875706075	32.36227285009706
0	0.8606433826830369	31.100540922455725
0	0.8597827393003539	31.10054092245572
0	0.8589229565610536	31.924444519788914
0	0.8580640336044925	31.92444451978891
0	0.857205969570888	31.907543335934804
0	0.8563487636013172	32.83524539336743
0	0.8554924148377159	31.846699419416254
0	0.8546369224228781	31.84669941941626
0	0.8537822855004553	31.846699419416254
0	0.8529285032149548	31.925058262694975
0	0.8520755747117399	32.91865828361639
0	0.8512234991370281	32.922246364159385
0	0.8503722756378911	33.160821177727826
0	0.8495219033622532	33.16082117772782
0	0.8486723814588909	33.160821177727826
0	0.847823709077432	33.16082117772781
0	0.8469758853683546	33.160821177727804
0	0.8461289094829862	33.16082117772783
0	0.8452827805735033	33.16082117772783
0	0.8444374977929298	33.1608211777278
0	0.8435930602951368	33.16082117772782
0	0.8427494672348417	33.16082117772782
0	0.8419067177676068	33.160821177727826
0	0.8410648110498392	32.955237197985724
0	0.8402237462387894	32.8793693260842
0	0.8393835224925505	32.87936932608419
0	0.838544138970058	32.98388897942473
0	0.8377055948310879	33.67137176065168
0	0.8368678892362568	33.67137176065167
0	0.8360310213470206	32.5833042771225
0	0.8351949903256736	32.73788178697408
0	0.8343597953353479	32.73788178697408
0	0.8335254355400126	32.737881786974114
0	0.8326919101044725	33.083020496106194
0	0.831859218194368	33.08302049610619
0	0.8310273589761736	32.73788178697411
0	0.8301963316171974	32.737881786974114
0	0.8293661352855802	32.737881786974114
0	0.8285367691502946	32.682036652912196
0	0.8277082323811443	32.68203665291219
0	0.8268805241487632	32.34378272923879
0	0.8260536436246144	32.34378272923879
0	0.8252275899809898	32.34378272923884
0	0.8244023623910088	32.34378272923884
0	0.8235779600286178	32.68203665291222
0	0.8227543820685892	32.68203665291222
0	0.8219316276865206	33.29706659345727
0	0.8211096960588341	32.93080382709002
0	0.8202885863627752	32.93080382709002
0	0.8194682977764125	32.77109738854337
0	0.818648829478636	32.21171401194056
0	0.8178301806491574	32.211714011940586
0	0.8170123504685082	32.21171401194058
0	0.8161953381180397	32.21171401194058
0	0.8153791427799216	32.383905449486655
0	0.8145637636371417	32.38390544948663
0	0.8137491998735046	32.38390544948664
0	0.812935450673631	32.23021278290079
0	0.8121225152229574	32.23021278290082
0	0.8113103927077344	32.230212782900814
0	0.8104990823150267	32.230212782900814
0	0.8096885832327116	32.23021278290082
0	0.8088788946494789	32.38390544948663
0	0.8080700157548294	32.38390544948663
0	0.8072619457390746	32.91929865243145
0	0.8064546837933355	32.31601770718273
0	0.8056482291095421	32.316017707182716
0	0.8048425808804326	31.617585938906394
0	0.8040377382995522	31.617585938906373
0	0.8032337005612527	31.617585938906373
0	0.8024304668606914	31.617585938906394
0	0.8016280363938307	31.617585938906366
0	0.8008264083574369	31.61758593890638
0	0.8000255819490795	31.61758593890638
0	0.7992255563671304	31.362491889321788
0	0.7984263308107633	30.971284926037352
0	0.7976279044799526	30.971284926037367
0	0.7968302765754727	30.971284926037356
0	0.7960334462988972	30.66642511690004
0	0.7952374128525983	30.666425116900037
0	0.7944421754397457	30.666425116900037
0	0.7936477332643059	30.66642511690005
0	0.7928540855310416	30.666425116900044
0	0.7920612314455105	30.666425116900047
0	0.7912691702140651	30.666425116900044
0	0.790477901043851	30.666425116900044
0	0.7896874231428072	30.399139851507222
0	0.7888977357196644	30.182588008998607
0	0.7881088379839447	30.182588008998593
0	0.7873207291459607	30.182588008998597
0	0.7865334084168147	30.18258800899862
0	0.7857468750083979	30.182588008998597
0	0.7849611281333895	30.182588008998607
0	0.784176167005256	30.1825880089986
0	0.7833919908382508	30.18258800899859
0	0.7826085988474126	30.182588008998593
0	0.7818259902485653	31.170905036403084
0	0.7810441642583167	31.282555838792344
0	0.7802631200940584	31.413389509155188
0	0.7794828569739644	31.413389509155202
0	0.7787033741169904	31.413389509155166
0	0.7779246707428734	32.110753315143455
0	0.7771467460721305	32.054209056352164
0	0.7763695993260584	32.054209056352164
0	0.7755932297267324	32.11075331514348
0	0.7748176364970056	33.295149403380556
0	0.7740428188605086	33.29514940338054
0	0.7732687760416481	33.423195515611255
0	0.7724955072656065	33.423195515611255
0	0.7717230117583408	33.50833453317575
0	0.7709512887465825	33.50833453317574
0	0.7701803374578359	33.107156046601844
0	0.7694101571203781	33.10715604660185
0	0.7686407469632577	33.10715604660183
0	0.7678721062162944	33.10715604660184
0	0.7671042341100781	33.10715604660183
0	0.766337129875968	33.107156046601844
0	0.7655707927460921	33.508334533175756
0	0.764805221953346	33.466755633267326
0	0.7640404167313927	33.339895766567224
0	0.7632763763146613	33.42319551561124
0	0.7625130999383466	33.42319551561124
0	0.7617505868384082	33.33989576656724
0	0.7609888362515699	33.339895766567224
0	0.7602278474153183	33.339895766567224
0	0.759467619567903	33.33989576656723
0	0.7587081519483351	33.3398957665672
0	0.7579494437963867	33.732381665398506
0	0.7571914943525904	33.732381665398506
0	0.7564343028582378	33.73238166539852
0	0.7556778685553796	33.73238166539852
0	0.7549221906868242	33.54618642587198
0	0.7541672684961374	33.29304673848284
0	0.7534131012276413	33.54618642587199
0	0.7526596881264136	34.06957928613953
0	0.7519070284382872	34.069579286139536
0	0.7511551214098489	34.06957928613954
0	0.750403966288439	34.06957928613954
0	0.7496535623221505	33.64702839402796
0	0.7489039087598284	33.64702839402798
0	0.7481550048510686	33.43863409877264
0	0.7474068498462175	33.438634098772646
0	0.7466594429963713	32.47593434739191
0	0.745912783553375	32.4759343473919
0	0.7451668707698216	32.475934347391906
0	0.7444217038990517	32.47593434739193
0	0.7436772821951526	32.62606284538536
0	0.7429336049129575	32.626062845385356
0	0.7421906713080445	32.62606284538532
0	0.7414484806367364	32.619828178350936
0	0.7407070321560997	32.61982817835093
0	0.7399663251239436	32.619828178350936
0	0.7392263587988196	32.619828178350936
0	0.7384871324400207	32.69854336193762
0	0.7377486453075807	32.698543361937624
0	0.737010896662273	32.698543361937624
0	0.7362738857656108	32.698543361937624
0	0.7355376118798452	32.76905341091282
0	0.7348020742679654	32.76905341091286
0	0.7340672721936974	32.55658465015047
0	0.7333332049215037	32.556584650150455
0	0.7325998717165821	32.40258221670541
0	0.7318672718448656	32.40258221670547
0	0.7311354045730207	32.402582216705454
0	0.7304042691684477	32.388936918595526
0	0.7296738648992792	32.32540006052304
0	0.7289441910343799	32.00154673176698
0	0.7282152468433455	32.001546731766965
0	0.7274870315965022	32.00154673176696
0	0.7267595445649057	31.08476656633921
0	0.7260327850203407	31.084766566339212
0	0.7253067522353204	31.0847665663392
0	0.724581445483085	31.084766566339205
0	0.723856864037602	31.084766566339212
0	0.7231330071735643	31.282555838792366
0	0.7224098741663908	31.282555838792387
0	0.7216874642922244	31.28255583879234
0	0.7209657768279322	31.282555838792312
0	0.7202448110511043	31.825223481768425
0	0.7195245662400531	31.28255583879234
0	0.7188050416738131	30.7993261337164
0	0.7180862366321393	30.799326133716377
0	0.7173681503955072	30.799326133716328
0	0.7166507822451117	30.799326133716388
0	0.7159341314628666	30.799326133716395
0	0.7152181973314037	30.799326133716384
0	0.7145029791340722	30.79932613371637
0	0.7137884761549381	30.799326133716356
0	0.7130746876787832	30.799326133716395
0	0.7123616129911045	30.79932613371637
0	0.7116492513781133	30.799326133716388
0	0.7109376021267352	31.60756181188448
0	0.7102266645246085	31.607561811884437
0	0.7095164378600839	32.18979816930076
0	0.7088069214222238	32.398770419784896
0	0.7080981145008015	32.39877041978488
0	0.7073900163863007	32.39877041978486
0	0.7066826263699144	32.398770419784874
0	0.7059759437435444	31.28090421890494
0	0.7052699677998009	31.280904218904915
0	0.704564697832001	32.23021278290082
0	0.7038601331341691	33.02728665504148
0	0.7031562730010349	32.37395471766634
0	0.7024531167280339	30.884038072790773
0	0.7017506636113059	31.000543064793593
0	0.7010489129476946	31.163542161246816
0	0.7003478640347469	31.163542161246784
0	0.6996475161707122	31.163542161246813
0	0.6989478686545415	30.921086096477765
0	0.698248920785887	30.921086096477765
0	0.6975506718651011	30.92108609647774
0	0.6968531211932361	30.890064310718913
0	0.6961562680720428	30.890064310718948
0	0.6954601118039707	30.890064310718948
0	0.6947646516921667	30.890064310718863
0	0.6940698870404746	30.89006431071885
0	0.6933758171534341	30.89006431071885
0	0.6926824413362807	30.890064310718905
0	0.6919897588949444	31.283195947569457
0	0.6912977691360495	31.388758167926685
0	0.6906064713669134	31.38875816792667
0	0.6899158648955466	31.111021925628933
0	0.689225949030651	31.11102192562892
0	0.6885367230816204	31.11102192562894
0	0.6878481863585387	31.11102192562888
0	0.6871603381721801	31.362491889321795
0	0.686473177834008	31.362491889321795
0	0.685786704656174	31.617585938906387
0	0.6851009179515178	31.617585938906394
0	0.6844158170335664	31.61758593890641
0	0.6837314012165328	31.61758593890641
0	0.6830476698153162	31.795484511105897
0	0.6823646221455009	31.7954845111059
0	0.6816822575233553	31.7954845111059
0	0.6810005752658319	31.7954845111059
0	0.680319574690566	31.795484511105883
0	0.6796392551158754	31.795484511105897
0	0.6789596158607596	31.795484511105855
0	0.6782806562448989	31.795484511105904
0	0.677602375588654	31.795484511105897
0	0.6769247732130653	31.795484511105883
0	0.6762478484398523	31.795484511105897
0	0.6755716005914124	31.795484511105897
0	0.674896028990821	31.61758593890641
0	0.6742211329618302	31.617585938906394
0	0.6735469118288684	31.617585938906416
0	0.6728733649170395	30.921086096477772
0	0.6722004915521225	30.92108609647775
0	0.6715282910605703	30.89006431071888
0	0.6708567627695098	30.890064310718902
0	0.6701859060067403	30.89006431071887
0	0.6695157201007336	30.890064310718884
0	0.6688462043806328	30.89006431071889
0	0.6681773581762521	30.823734476413343
0	0.6675091808180759	30.40776471992448
0	0.6668416716372578	30.407764719924472
0	0.6661748299656206	30.407764719924476
0	0.6655086551356549	30.407764719924486
0	0.6648431464805192	30.40776471992447
0	0.6641783033340387	30.39913985150723
0	0.6635141250307047	30.399139851507204
0	0.662850610905674	30.986711384480905
0	0.6621877602947683	30.697220138060516
0	0.6615255725344735	30.697220138060516
0	0.660864046961939	30.697220138060505
0	0.660203182914977	30.697220138060505
0	0.6595429797320621	30.697220138060512
0	0.6588834367523301	30.697220138060505
0	0.6582245533155777	31.139622325913386
0	0.6575663287622622	31.13962232591338
0	0.6569087624334999	31.139622325913372
0	0.6562518536710664	31.489908829124982
0	0.6555956018173954	31.489908829124982
0	0.654940006215578	31.139622325913376
0	0.6542850662093624	31.139622325913376
0	0.6536307811431531	31.139622325913376
0	0.65297715036201	31.139622325913376
0	0.6523241732116479	31.1396223259134
0	0.6516718490384363	31.1396223259134
0	0.6510201771893979	32.417933429504
0	0.6503691570122084	32.41793342950402
0	0.6497187878551962	32.41793342950399
0	0.649069069067341	31.139622325913386
0	0.6484199999982736	31.139622325913386
0	0.6477715799982753	31.139622325913386
0	0.647123808418277	31.139622325913386
0	0.6464766846098587	31.139622325913386
0	0.6458302079252489	30.884038072790776
0	0.6451843777173236	30.88403807279078
0	0.6445391933396063	30.88403807279078
0	0.6438946541462667	31.000543064793593
0	0.6432507594921204	31.000543064793593
0	0.6426075087326283	31.00054306479359
0	0.6419649012238956	31.000543064793547
0	0.6413229363226717	31.000543064793586
0	0.640681613386349	31.291340338401056
0	0.6400409317729626	31.291340338401078
0	0.6394008908411897	30.692114161977738
0	0.6387614899503485	30.692114161977734
0	0.6381227284603982	30.692114161977745
0	0.6374846057319378	30.692114161977738
0	0.6368471211262058	30.80753737612827
0	0.6362102740050796	30.807537376128273
0	0.6355740637310745	31.67562765523158
0	0.6349384896673435	31.675627655231573
0	0.6343035511776761	31.67562765523158
0	0.6336692476264985	31.950113324758235
0	0.6330355783788719	32.05966388966079
0	0.632402542800493	32.05966388966079
0	0.6317701402576925	32.059663889660776
0	0.6311383701174348	32.05966388966079
0	0.6305072317473174	32.0596638896608
0	0.6298767245155701	32.68167912704095
0	0.6292468477910546	32.42354507359478
0	0.6286176009432635	32.42354507359478
0	0.6279889833423202	32.423545073594774
0	0.6273609943589779	32.423545073594795
0	0.6267336333646188	32.68167912704091
0	0.6261068997312542	32.681679127040915
0	0.6254807928315229	32.68167912704091
0	0.6248553120386914	32.681679127040944
0	0.6242304567266527	32.67823317776242
0	0.623606226269926	32.678233177762365
0	0.6229826200436561	32.67823317776236
0	0.6223596374236124	32.678233177762365
0	0.6217372777861888	32.27923561405003
0	0.6211155405084027	32.279235614050044
0	0.6204944249678943	32.279235614050044
0	0.6198739305429264	32.27923561405005
0	0.6192540566123834	32.27923561405002
0	0.6186348025557711	32.27923561405002
0	0.6180161677532153	32.27923561405003
0	0.6173981515854621	32.05966388966079
0	0.6167807534338766	32.0596638896608
0	0.6161639726804428	31.686279376922336
0	0.6155478087077623	31.675480601714895
0	0.6149322608990545	31.675480601714888
0	0.6143173286381555	31.67548060171486
0	0.6137030113095173	31.675480601714877
0	0.6130893082982078	31.675480601714927
0	0.6124762189899097	31.408998866204982
0	0.6118637427709198	31.675480601714938
0	0.6112518790281489	31.935892381445388
0	0.6106406271491208	31.935892381445367
0	0.6100299865219717	31.675480601714955
0	0.6094199565354498	31.678792805105658
0	0.6088105365789144	31.678792805105665
0	0.6082017260423355	31.069190746428305
0	0.6075935243162931	31.06919074642831
0	0.6069859307919768	31.069190746428298
0	0.6063789448611848	31.069190746428305
0	0.6057725659163237	31.069190746428305
0	0.6051667933504074	30.884038072790748
0	0.6045616265570569	30.884038072790744
0	0.6039570649304998	30.884038072790776
0	0.6033531078655693	31.261029800990144
0	0.6027497547577038	31.261029800990137
0	0.602147005002946	31.261029800990137
0	0.6015448579979431	31.261029800990137
0	0.6009433131399452	31.26102980099013
0	0.6003423698268052	31.26102980099012
0	0.5997420274569785	31.26102980099012
0	0.5991422854295215	31.261029800990144
0	0.598543143144092	31.26102980099015
0	0.5979446000009478	31.26102980099016
0	0.5973466554009469	31.261029800990176
0	0.596749308745546	31.261029800990165
0	0.5961525594368005	31.26102980099014
0	0.5955564068773637	30.884038072790776
0	0.5949608504704863	30.88403807279078
0	0.5943658896200158	30.884038072790798
0	0.5937715237303958	32.04625450660683
0	0.5931777522066654	32.04625450660686
0	0.5925845744544587	32.04625450660684
0	0.5919919898800042	32.0462545066068
0	0.5913999978901242	32.046254506606815
0	0.590808597892234	31.604441502433488
0	0.5902177892943418	31.60444150243348
0	0.5896275715050474	31.438194890173794
0	0.5890379439335424	31.438194890173794
0	0.5884489059896089	31.438194890173794
0	0.5878604570836192	31.10607748194017
0	0.5872725966265356	31.106077481940172
0	0.5866853240299091	31.106077481940158
0	0.5860986387058792	30.890064310718884
0	0.5855125400671733	31.11102192562892
0	0.5849270275271061	31.362491889321795
0	0.584342100499579	30.971284926037356
0	0.5837577583990794	30.971284926037367
0	0.5831740006406804	30.97128492603737
0	0.5825908266400397	30.971284926037367
0	0.5820082358133997	30.971284926037367
0	0.5814262275775862	30.971284926037363
0	0.5808448013500086	30.971284926037363
0	0.5802639565486586	30.971284926037363
0	0.57968369259211	30.97128492603734
0	0.5791040088995179	32.180669711625704
0	0.5785249048906184	32.18066971162568
0	0.5779463799857277	32.23954383504069
0	0.577368433605742	32.23954383504069
0	0.5767910651721362	33.294172868076046
0	0.576214274106964	33.31401320868588
0	0.5756380598328571	33.0830204961062
0	0.5750624217730242	33.0830204961062
0	0.5744873593512512	33.0830204961062
0	0.5739128719918999	33.0830204961062
0	0.573338959119908	33.81680457602337
0	0.572765620160788	32.71245551084761
0	0.5721928545406272	32.564376074962276
0	0.5716206616860866	32.56437607496228
0	0.5710490410244006	32.564376074962325
0	0.5704779919833761	32.564376074962304
0	0.5699075139913927	32.596718515150805
0	0.5693376064774013	32.49309016493456
0	0.5687682688709239	32.493090164934564
0	0.5681995006020529	32.49309016493456
0	0.5676313011014509	32.49309016493455
0	0.5670636698003494	32.493090164934564
0	0.5664966061305491	32.36227285009706
0	0.5659301095244186	32.362272850097064
0	0.5653641794148941	33.08609217832393
0	0.5647988152354793	32.039533029103055
0	0.5642340164202437	32.03953302910309
0	0.5636697824038235	32.0395330291031
0	0.5631061126214196	32.039533029103076
0	0.5625430065087982	31.427698267895693
0	0.5619804635022894	31.427698267895686
0	0.561418483038787	31.427698267895686
0	0.5608570645557482	31.427698267895703
0	0.5602962074911925	32.10549416289589
0	0.5597359112837013	32.10549416289589
0	0.5591761753724176	33.16111372459005
0	0.5586169991970452	33.16111372459005
0	0.5580583821978482	33.00672859968701
0	0.5575003238156504	31.427698267895686
0	0.5569428234918348	31.427698267895703
0	0.5563858806683429	31.427698267895703
0	0.5558294947876746	31.427698267895686
0	0.5552736652928869	31.687886052283115
0	0.5547183916275941	31.687886052283133
0	0.5541636732359665	31.68788605228312
0	0.5536095095627305	31.687886052283133
0	0.5530559000531677	31.687886052283126
0	0.5525028441531146	31.15689338325709
0	0.5519503413089615	31.15689338325708
0	0.5513983909676525	31.156893383257085
0	0.5508469925766849	31.156893383257085
0	0.5502961455841082	31.156893383257085
0	0.5497458494385241	31.15689338325708
0	0.5491961035890855	31.156893383257064
0	0.5486469074854965	31.156893383257085
0	0.548098260578011	31.37349463172455
0	0.547550162317433	31.365551660951667
0	0.5470026121551156	31.08756605274718
0	0.5464556095429605	31.084766566339205
0	0.5459091539334175	31.084766566339187
0	0.5453632447794842	31.81540981215299
0	0.5448178815347047	31.815409812152957
0	0.54427306365317	31.81540981215297
0	0.5437287905895168	31.81540981215296
0	0.5431850617989273	31.81540981215298
0	0.5426418767371284	30.80753737612828
0	0.5420992348603912	30.807537376128288
0	0.5415571356255309	30.807537376128238
0	0.5410155784899053	30.807537376128284
0	0.5404745629114154	30.807537376128266
0	0.539934088348504	30.80753737612827
0	0.5393941542601555	30.884038072790787
0	0.5388547601058953	31.139622325913386
0	0.5383159053457894	31.92760199825792
0	0.5377775894404436	32.170328304623844
0	0.5372398118510032	32.17032830462384
0	0.5367025720391522	32.039561988964216
0	0.536165869467113	32.033176165906504
0	0.5356297035976458	32.03317616590649
0	0.5350940738940482	32.033176165906525
0	0.5345589798201541	31.53685194592863
0	0.534024420840334	31.536851945928607
0	0.5334903964194936	31.536851945928607
0	0.5329569060230741	31.35603515958907
0	0.532423949117051	31.356035159589055
0	0.531891525167934	31.356035159589073
0	0.5313596336427661	30.725483717468613
0	0.5308282740091232	30.72548371746862
0	0.5302974457351142	30.72548371746859
0	0.5297671482893791	30.725483717468602
0	0.5292373811410898	30.72548371746859
0	0.5287081437599487	30.725483717468617
0	0.5281794356161887	30.725483717468606
0	0.5276512561805725	30.725483717468613
0	0.5271236049243919	30.725483717468613
0	0.5265964813194676	30.725483717468606
0	0.5260698848381481	30.725483717468613
0	0.5255438149533099	30.725483717468613
0	0.5250182711383566	30.725483717468606
0	0.5244932528672183	30.725483717468606
0	0.5239687596143511	30.725483717468613
0	0.5234447908547367	31.064869965500876
0	0.522921346063882	31.06486996550089
0	0.522398424717818	31.064869965500876
0	0.5218760262931003	30.807537376128288
0	0.5213541502668072	30.807537376128288
0	0.5208327961165404	30.807537376128288
0	0.5203119633204238	30.258977415439823
0	0.5197916513571034	30.51783672506385
0	0.5192718597057463	30.692114161977756
0	0.5187525878460405	30.69211416197775
0	0.5182338352581944	30.69211416197776
0	0.5177156014229363	30.692114161977756
0	0.5171978858215134	30.692114161977756
0	0.5166806879356919	30.69211416197774
0	0.5161640072477562	30.69211416197774
0	0.5156478432405085	30.69211416197774
0	0.515132195397268	30.69211416197774
0	0.5146170632018707	30.69211416197773
0	0.5141024461386688	30.69211416197775
0	0.5135883436925301	31.27134188680461
0	0.5130747553488376	31.228262986422898
0	0.5125616805934888	31.832492922292424
0	0.5120491189128954	31.832492922292438
0	0.5115370697939825	31.925058262695
0	0.5110255327241885	30.730373086330882
0	0.5105145071914643	30.730373086330882
0	0.5100039926842729	31.216236507533715
0	0.5094939886915886	30.907521161319195
0	0.508984494702897	30.907521161319174
0	0.508475510208194	30.907521161319195
0	0.5079670346979859	30.90752116131919
0	0.5074590676632879	30.90752116131919
0	0.5069516085956246	31.34180607406301
0	0.506444656987029	31.341806074063
0	0.505938212330042	31.34180607406301
0	0.505432274117712	31.34180607406304
0	0.5049268418435943	31.341806074063044
0	0.5044219150017507	31.57620680372554
0	0.5039174930867489	31.576206803725523
0	0.5034135755936622	31.57620680372552
0	0.5029101620180685	31.57620680372554
0	0.5024072518560504	31.57620680372554
0	0.5019048446041944	31.57620680372555
0	0.5014029397595902	31.57620680372554
0	0.5009015368198305	31.576206803725523
0	0.5004006352830107	31.236724690506833
0	0.4999002346477277	31.23672469050682
0	0.49940033441307996	30.79932613371633
0	0.49890093407866687	31.170905036403074
0	0.4984020331445882	31.28645935177313
0	0.4979036311114436	30.399139851507222
0	0.4974057274803321	31.362491889321795
0	0.49690832175285177	31.36249188932178
0	0.4964114134310989	31.362491889321788
0	0.4959150020176678	31.362491889321795
0	0.49541908701565013	30.99922534836033
0	0.49492366792863446	30.99922534836032
0	0.4944287442607058	30.999225348360294
0	0.4939343155164451	32.31601770718273
0	0.4934403812009287	32.31601770718273
0	0.4929469408197278	32.31601770718273
0	0.49245399387890804	31.783922186194836
0	0.4919615398850291	32.033176165906504
0	0.4914695783451441	32.0331761659065
0	0.4909781087667989	32.03317616590648
0	0.4904871306580321	32.03956198896421
0	0.4899966435273741	32.17032830462386
0	0.4895066468838467	32.1054941628959
0	0.48901714023696286	32.10549416289587
0	0.4885281230967259	31.847554960087365
0	0.48803959497362914	31.847554960087358
0	0.4875515553786555	31.847554960087333
0	0.48706400382327686	31.29134033840107
0	0.4865769398194536	31.291340338401085
0	0.48609036287963414	31.291340338401056
0	0.48560427251675453	31.291340338401078
0	0.48511866824423777	31.291340338401067
0	0.4846335495759935	31.32402252737995
0	0.4841489160264175	31.324022527379924
0	0.4836647671103911	31.324022527379903
0	0.4831811023432807	31.324022527379924
0	0.4826979212409374	31.32402252737992
0	0.48221522331969646	31.254675678465567
0	0.48173300809637676	31.254675678465592
0	0.48125127508828036	31.254675678465578
0	0.48077002381319206	31.254675678465603
0	0.48028925378937887	31.254675678465578
0	0.47980896453558947	31.2546756784656
0	0.4793291555710539	31.324022527379928
0	0.47884982641548285	31.668106949716087
0	0.47837097658906735	31.668106949716087
0	0.47789260561247826	31.668106949716083
0	0.4774147130068658	31.32402252737993
0	0.4769372982938589	31.32402252737995
0	0.47646036099556505	31.324022527379917
0	0.47598390063456947	31.291340338401078
0	0.4755079167339349	30.71025437820728
0	0.47503240881720094	30.710254378207246
0	0.47455737640838375	30.710254378207253
0	0.47408281903197536	30.71025437820728
0	0.47360873621294336	30.71025437820727
0	0.4731351274767304	30.71025437820729
0	0.4726619923492537	30.865056026918758
0	0.47218933035690447	30.86505602691878
0	0.47171714102654755	31.893841170341638
0	0.471245423885521	31.893841170341652
0	0.47077417846163544	31.893841170341634
0	0.4703034042831738	31.9523495154776
0	0.46983310087889063	31.885773402112264
0	0.46936326777801174	31.885773402112278
0	0.4688939045102337	31.91097660949943
0	0.4684250106057235	31.825223481768433
0	0.46795658559511777	31.825223481768436
0	0.46748862900952265	31.722627390257152
0	0.4670211403805131	31.722627390257145
0	0.4665541192401326	31.72262739025713
0	0.4660875651208925	33.07055344804828
0	0.4656214775557716	33.07055344804827
0	0.46515585607821586	33.07055344804828
0	0.46469070022213765	32.750497949546045
0	0.4642260095219155	32.60351746666077
0	0.4637617835123936	32.603517466660776
0	0.46329802172888124	32.344983174587114
0	0.46283472370715234	32.34498317458708
0	0.46237188898344517	32.34498317458706
0	0.4619095170944617	32.34498317458707
0	0.46144760757736725	32.34498317458707
0	0.46098615996978987	32.986163980360324
0	0.46052517380982005	32.986163980360274
0	0.4600646486360102	32.69940364026802
0	0.4596045839873742	32.69940364026801
0	0.45914497940338683	32.69940364026801
0	0.4586858344239834	32.69940364026802
0	0.45822714858955943	31.675627655231573
0	0.45776892144096987	31.675627655231573
0	0.4573111525195289	31.675627655231565
0	0.4568538413670094	31.675627655231565
0	0.4563969875256424	31.67562765523157
0	0.45594059053811675	31.67562765523159
0	0.45548464994757865	31.675627655231573
0	0.45502916529763104	31.67562765523158
0	0.45457413613233344	31.675627655231573
0	0.4541195619962011	31.675627655231573
0	0.4536654424342049	31.81854148411783
0	0.45321177699177073	31.818541484117844
0	0.452758565214779	31.818541484117848
0	0.4523058066495642	31.818541484117848
0	0.45185350084291465	31.81854148411783
0	0.4514016473420717	31.84590553789529
0	0.45095024569472963	31.81854148411783
0	0.4504992954490349	31.81854148411783
0	0.45004879615358584	31.818541484117834
0	0.44959874735743227	31.818541484117823
0	0.4491491486100748	31.81854148411783
0	0.44869999946146477	31.81854148411781
0	0.4482512994620033	31.818541484117826
0	0.4478030481625413	31.818541484117834
0	0.44735524511437874	31.818541484117826
0	0.4469078898692644	31.818541484117837
0	0.4464609819793951	31.818541484117837
0	0.44601452099741573	31.81854148411783
0	0.4455685064764183	31.81854148411783
0	0.4451229379699419	31.818541484117844
0	0.44467781503197196	31.81854148411785
0	0.44423313721693997	31.818541484117844
0	0.44378890407972305	31.818541484117844
0	0.44334511517564335	31.81854148411783
0	0.4429017700604677	31.81854148411783
0	0.44245886829040726	31.81854148411783
0	0.44201640942211684	31.81854148411783
0	0.44157439301269474	32.06828627517107
0	0.44113281861968207	32.06828627517107
0	0.4406916858010624	32.039175458922514
0	0.4402509941152613	31.910976609499443
0	0.43981074312114604	31.91097660949944
0	0.4393709323780249	31.910976609499443
0	0.4389315614456469	31.170905036403102
0	0.43849262988420123	31.170905036403088
0	0.438054137254317	31.170905036403077
0	0.4376160831170627	31.170905036403084
0	0.43717846703394564	30.697220138060516
0	0.4367412885669117	30.697220138060505
0	0.4363045472783448	30.6972201380605
0	0.43586824273106645	30.6972201380605
0	0.4354323744883354	30.697220138060516
0	0.43499694211384704	30.69722013806051
0	0.4345619451717332	30.697220138060516
0	0.43412738322656147	30.891602211494984
0	0.4336932558433349	31.02439158155785
0	0.43325956258749154	31.02439158155786
0	0.43282630302490405	31.024391581557893
0	0.43239347672187917	31.024391581557893
0	0.4319610832451573	31.02439158155786
0	0.43152912216191214	31.02439158155786
0	0.4310975930397502	31.024391581557886
0	0.43066649544671043	31.175622593014896
0	0.4302358289512637	31.175622593014896
0	0.4298055931223125	31.175622593014868
0	0.42937578752919014	31.347384021747814
0	0.4289464117416609	31.347384021747903
0	0.42851746532991924	32.4287696916671
0	0.42808894786458934	32.227142696156754
0	0.42766085891672473	32.22714269615675
0	0.427233198057808	32.22714269615675
0	0.4268059648597502	32.22714269615672
0	0.4263791588948904	32.22714269615675
0	0.42595277973599555	32.30244426259839
0	0.42552682695625954	32.30244426259841
0	0.4251013001293033	32.55776761325613
0	0.424676198829174	32.557767613256146
0	0.4242515226303448	32.63735325571791
0	0.42382727110771445	32.557767613256146
0	0.4234034438366067	32.55776761325615
0	0.4229800403927701	32.55776761325612
0	0.42255706035237733	32.55776761325613
0	0.42213450329202495	32.55776761325613
0	0.4217123687887329	33.08679214711603
0	0.4212906564199442	33.08679214711602
0	0.42086936576352424	33.086792147116014
0	0.4204484963977607	33.54618642587197
0	0.42002804790136294	33.54618642587198
0	0.4196080198534616	33.73238166539852
0	0.4191884118336081	33.732381665398506
0	0.41876922342177453	33.7323816653985
0	0.41835045419835276	33.73238166539849
0	0.4179321037441544	33.588009585122876
0	0.41751417164041027	33.36413558978289
0	0.41709665746876984	33.364135589782904
0	0.4166795608113011	33.36413558978289
0	0.41626288125048977	33.3641355897829
0	0.41584661836923925	33.3641355897829
0	0.41543077175087	32.85547902298951
0	0.41501534097911913	32.8554790229895
0	0.41460032563814003	32.68197858060276
0	0.4141857253125019	32.50361408389935
0	0.41377153958718943	32.56543190405262
0	0.4133577680476022	32.56543190405261
0	0.4129444102795546	32.47747031522822
0	0.412531465869275	32.47747031522822
0	0.41211893440340575	32.47747031522822
0	0.41170681546900234	32.47747031522823
0	0.41129510865353336	32.47747031522823
0	0.41088381354487985	32.50056560843512
0	0.410472929731335	32.50056560843515
0	0.41006245680160364	32.50056560843513
0	0.40965239434480205	32.65626318908156
0	0.40924274195045723	32.65626318908156
0	0.40883349920850676	32.65626318908154
0	0.40842466570929825	32.65626318908154
0	0.40801624104358897	33.36888382978675
0	0.4076082248025454	32.99953250729699
0	0.4072006165777428	32.999532507296976
0	0.4067934159611651	32.99953250729702
0	0.4063866225452039	32.99953250729701
0	0.4059802359226587	32.999532507296976
0	0.40557425568673605	32.98938128276084
0	0.40516868143104934	31.939364176490983
0	0.4047635127496183	30.915015780218603
0	0.4043587492368687	30.915015780218617
0	0.4039543904876318	30.725483717468613
0	0.4035504360971442	30.725483717468638
0	0.40314688566104706	30.725483717468606
0	0.402743738775386	30.915015780218624
0	0.4023409950366106	30.69211416197776
0	0.401938654041574	30.823734476413343
0	0.4015367153875324	30.80753737612827
0	0.4011351786721449	30.807537376128273
0	0.40073404349347275	30.807537376128273
0	0.40033330944997925	30.807537376128277
0	0.39993297614052925	30.807537376128288
0	0.3995330431643887	30.807537376128277
0	0.39913351012122433	30.8840380727908
0	0.3987343766111031	31.06919074642831
0	0.398335642234492	31.41867899679968
0	0.3979373065922575	31.279352610732307
0	0.39753936928566525	31.372003629361966
0	0.3971418299163796	31.247523237569485
0	0.3967446880864632	31.062600796426292
0	0.3963479433983767	31.196080569697116
0	0.3959515954549783	31.196080569697124
0	0.39555564385952335	31.19608056969711
0	0.39516008821566384	31.196080569697152
0	0.3947649281274482	31.196080569697152
0	0.3943701631993207	31.1960805696971
0	0.3939757930361214	31.067066153183468
0	0.3935818172430853	30.851086777023752
0	0.3931882354258422	30.85108677702374
0	0.39279504719041636	30.851086777023752
0	0.39240225214322594	30.851086777023752
0	0.39200984989108273	30.851086777023735
0	0.39161784004119166	30.851086777023735
0	0.39122622220115044	31.067066153183433
0	0.3908349959789493	31.1960805696971
0	0.3904441609829703	31.196080569697116
0	0.3900537168219873	31.196080569697124
0	0.3896636631051653	30.99341028390986
0	0.38927399944206015	30.99341028390986
0	0.3888847254426181	30.993410283909853
0	0.38849584071717547	30.993410283909867
0	0.3881073448764583	30.993410283909878
0	0.3877192375315819	31.163542161246802
0	0.3873315182940503	31.163542161246813
0	0.38694418677575626	31.16354216124679
0	0.3865572425889805	31.373494631724547
0	0.38617068534639154	31.373494631724526
0	0.38578451466104513	31.37349463172452
0	0.3853987301463841	31.427698267895693
0	0.3850133314162377	31.000543064793547
0	0.3846283180848215	30.88403807279078
0	0.3842436897667367	30.884038072790798
0	0.3838594460769699	30.884038072790798
0	0.38347558663089293	30.88403807279078
0	0.38309211104426205	30.884038072790798
0	0.3827090189332178	30.890064310718863
0	0.38232630991428457	30.890064310718905
0	0.38194398360437026	30.921086096477755
0	0.3815620396207659	30.92108609647774
0	0.38118047758114515	30.921086096477772
0	0.380799297103564	30.921086096477765
0	0.3804184978064605	30.92108609647775
0	0.380038079308654	30.92108609647775
0	0.3796580412293454	30.921086096477765
0	0.379278383188116	30.921086096477744
0	0.3788991048049279	30.921086096477765
0	0.37852020570012296	31.403406793159867
0	0.37814168549442284	31.40340679315986
0	0.3777635438089284	31.568256123146377
0	0.3773857802651195	31.568256123146384
0	0.37700839448485435	31.568256123146405
0	0.3766313860903695	31.815409812152968
0	0.37625475470427916	31.815409812152954
0	0.3758784999495749	31.815409812152954
0	0.3755026214496253	32.05966388966079
0	0.3751271188281757	32.05966388966079
0	0.3747519917093475	32.0596638896608
0	0.37437723971763814	32.05966388966081
0	0.37400286247792053	31.22302968181601
0	0.3736288596154426	31.636339319221527
0	0.37325523075582717	30.915015780218603
0	0.37288197552507135	31.064869965500876
0	0.37250909354954626	31.675480601714966
0	0.37213658445599673	32.139211001281645
0	0.3717644478715407	32.139211001281645
0	0.3713926834236692	32.139211001281645
0	0.37102129074024554	31.261029800990144
0	0.3706502694495053	31.26102980099015
0	0.3702796191800558	30.884038072790776
0	0.36990933956087574	30.884038072790837
0	0.36953943022131486	30.884038072790776
0	0.3691698907910935	30.884038072790805
0	0.3688007209003024	31.06919074642833
0	0.36843192017940213	31.069190746428305
0	0.36806348825922275	31.069190746428305
0	0.3676954247709635	31.069190746428305
0	0.36732772934619257	31.069190746428298
0	0.3669604016168464	31.069190746428305
0	0.3665934412152296	31.06919074642829
0	0.3662268477740143	31.0691907464283
0	0.36586062092624033	31.06919074642829
0	0.3654947603053141	31.069190746428305
0	0.36512926554500874	31.069190746428305
0	0.36476413627946375	31.069190746428312
0	0.3643993721431843	31.69635816193263
0	0.36403497277104113	31.696358161932643
0	0.3636709377982701	31.696358161932643
0	0.3633072668604718	32.12335096173774
0	0.36294395959361136	32.20289932527565
0	0.36258101563401773	32.185371348323976
0	0.3622184346183837	32.185371348324
0	0.36185621618376534	32.18537134832398
0	0.36149435996758156	32.185371348324
0	0.361132865607614	31.868921068589046
0	0.36077173274200636	31.86892106858906
0	0.36041096100926434	31.86892106858906
0	0.3600505500482551	31.868921068589053
0	0.35969049949820686	31.868921068589053
0	0.3593308089987087	31.868921068589046
0	0.35897147818971	31.868921068589053
0	0.3586125067115203	31.868921068589046
0	0.35825389420480874	31.868921068589053
0	0.35789564031060395	30.973358232958613
0	0.35753774467029337	30.97335823295863
0	0.3571802069256231	31.60048444216423
0	0.3568230267186975	31.600484442164223
0	0.3564662036919788	31.600484442164245
0	0.35610973748828684	31.600484442164245
0	0.35575362775079855	31.60048444216426
0	0.35539787412304774	31.720529174925577
0	0.3550424762489247	31.720529174925616
0	0.3546874337726758	31.720529174925588
0	0.35433274633890316	31.720529174925588
0	0.35397841359256427	31.720529174925552
0	0.3536244351789717	31.72052917492558
0	0.35327081074379274	31.720529174925588
0	0.352917539933049	31.34180607406301
0	0.3525646223931159	31.341806074062994
0	0.3522120577707228	31.341806074063012
0	0.3518598457129521	31.341806074063
0	0.35150798586723914	31.341806074063005
0	0.3511564778813719	31.34180607406301
0	0.3508053214034905	30.907521161319167
0	0.35045451608208705	30.907521161319167
0	0.350104061566005	30.907521161319202
0	0.349753957504439	30.90752116131918
0	0.3494042035469346	30.907521161319202
0	0.3490547993433876	30.907521161319202
0	0.34870574454404424	30.907521161319195
0	0.3483570387995002	31.02439158155789
0	0.3480086817607007	31.02439158155787
0	0.34766067307894	31.024391581557857
0	0.34731301240586104	31.02439158155788
0	0.3469656993934552	31.038565699677
0	0.3466187336940617	31.038565699677
0	0.34627211496036764	31.038565699676997
0	0.3459258428454073	31.03856569967698
0	0.34557991700256185	31.03856569967702
0	0.3452343370855593	31.038565699676994
0	0.34488910274847373	31.038565699677008
0	0.34454421364572524	31.038565699677008
0	0.3441996694320795	31.02439158155787
0	0.34385546976264747	31.024391581557875
0	0.34351161429288485	30.90728071846926
0	0.34316810267859194	30.907280718469234
0	0.34282493457591334	30.90728071846926
0	0.3424821096413374	31.02439158155788
0	0.3421396275316961	31.02439158155788
0	0.34179748790416437	31.02439158155788
0	0.3414556904162602	31.02439158155788
0	0.34111423472584396	32.2043536329103
0	0.34077312049111813	32.2043536329103
0	0.340432347370627	32.2043536329103
0	0.34009191502325636	32.20435363291031
0	0.3397518231082331	32.20435363291035
0	0.33941207128512485	32.204353632910355
0	0.3390726592138397	32.213819708999544
0	0.3387335865546259	31.952349515477586
0	0.33839485296807126	31.9523495154776
0	0.3380564581151032	31.7448507396549
0	0.33771840165698813	31.7448507396549
0	0.33738068325533116	31.744850739654886
0	0.3370433025720758	31.74485073965493
0	0.33670625926950376	31.74485073965492
0	0.33636955301023425	31.74485073965493
0	0.336033183457224	31.744850739654915
0	0.3356971502737668	31.7448507396549
0	0.335361453123493	31.744850739654876
0	0.3350260916703695	31.744850739654943
0	0.33469106557869915	31.744850739654897
0	0.33435637451312045	31.744850739654847
0	0.3340220181386073	31.744850739654883
0	0.33368799612046873	31.910976609499407
0	0.33335430812434824	32.0391754589225
0	0.3330209538162239	32.039175458922514
0	0.33268793286240766	32.0391754589225
0	0.33235524492954527	32.03917545892252
0	0.33202288968461574	32.03917545892252
0	0.33169086679493115	32.06828627517107
0	0.33135917592813624	31.82522348176842
0	0.3310278167522081	31.825223481768425
0	0.3306967889354559	31.825223481768454
0	0.33036609214652046	31.825223481768482
0	0.3300357260543739	31.82522348176849
0	0.32970569032831953	31.82522348176842
0	0.3293759846379912	31.825223481768454
0	0.3290466086533532	31.825223481768397
0	0.3287175620446999	31.722627390257152
0	0.32838884448265515	31.722627390257113
0	0.3280604556381725	31.722627390257145
0	0.32773239518253433	32.30637599682062
0	0.3274046627873518	32.306375996820634
0	0.32707725812456445	32.54125939825611
0	0.32675018086643987	32.541259398256116
0	0.32642343068557345	32.54125939825611
0	0.3260970072548879	32.541259398256095
0	0.325770910247633	32.541259398256095
0	0.32544513933738534	32.709194959567455
0	0.3251196941980479	32.55901368736267
0	0.32479457450384985	32.29956060555769
0	0.324469779929346	32.29956060555769
0	0.32414531014941667	31.309439281995925
0	0.32382116483926726	31.309439281995925
0	0.323497343674428	30.98671138448089
0	0.3231738463307536	30.98671138448089
0	0.32285067248442284	30.986711384480948
0	0.3225278218119384	30.98671138448091
0	0.3222052939901265	31.3094392819959
0	0.32188308869613635	31.309439281995914
0	0.3215612056074402	31.309439281995907
0	0.3212396444018328	31.309439281995957
0	0.32091840475743094	31.309439281995925
0	0.3205974863526735	31.309439281995907
0	0.32027688886632083	31.309439281995957
0	0.3199566119774545	31.30943928199595
0	0.31963665536547703	31.309439281995946
0	0.31931701871011153	31.30943928199595
0	0.3189977016914014	31.309439281995946
0	0.31867870398971	31.309439281995925
0	0.31836002528572027	31.30943928199593
0	0.31804166526043454	31.309439281995914
0	0.3177236235951741	31.309439281995925
0	0.3174058999715789	31.309439281995925
0	0.31708849407160733	31.309439281995957
0	0.31677140557753575	30.66642511690005
0	0.31645463417195824	30.66642511690006
0	0.3161381795377863	30.666425116900058
0	0.3158220413582485	30.66642511690006
0	0.3155062193168902	30.66642511690005
0	0.31519071309757335	30.66642511690005
0	0.3148755223844758	30.666425116900058
0	0.31456064686209134	31.52075086509446
0	0.31424608621522926	30.973358232958574
0	0.31393184012901404	30.9733582329586
0	0.31361790828888503	30.973358232958642
0	0.31330429038059615	30.973358232958585
0	0.31299098609021553	30.973358232958596
0	0.3126779951041253	30.973358232958567
0	0.31236531710902116	31.007561780456946
0	0.3120529517919121	31.007561780456946
0	0.3117408988401202	31.007561780456946
0	0.31142915794128007	31.007561780456914
0	0.31111772878333877	31.423797404096035
0	0.3108066110545554	31.423797404096064
0	0.3104958044435009	31.18906286642257
0	0.3101853086390574	31.18906286642255
0	0.30987512333041833	30.955739594492687
0	0.3095652482070879	30.85706063721589
0	0.30925568295888084	30.697220138060512
0	0.308946427275922	31.392684455325913
0	0.30863748084864606	31.39268445532592
0	0.3083288433677974	31.392684455325956
0	0.30802051452442963	31.392684455325956
0	0.3077124940099052	31.39268445532593
0	0.3074047815158953	31.624127635109392
0	0.30709737673437937	31.624127635109396
0	0.30679027935764497	31.624127635109403
0	0.3064834890782873	31.722858701197246
0	0.306177005589209	31.722858701197257
0	0.3058708285836198	31.648904807959696
0	0.30556495775503617	31.64890480795965
0	0.30525939279728115	31.64890480795968
0	0.30495413340448385	31.64890480795969
0	0.3046491792710794	31.6489048079597
0	0.3043445300918083	31.722858701197246
0	0.30404018556171647	31.668106949716083
0	0.30373614537615473	31.668106949716083
0	0.3034324092307786	31.668106949716076
0	0.3031289768215478	31.72900962260086
0	0.30282584784472627	31.72900962260086
0	0.3025230219968815	31.145090562492527
0	0.3022204989748846	31.145090562492538
0	0.30191827847590974	31.145090562492495
0	0.3016163601974338	31.14509056249252
0	0.3013147438372364	31.14509056249252
0	0.3010134290933992	31.450105094555493
0	0.3007124156643058	31.450105094555504
0	0.30041170324864147	31.450105094555482
0	0.30011129154539284	31.075662422671893
0	0.29981118025384745	31.07566242267186
0	0.2995113690735936	31.007561780456943
0	0.29921185770452	30.973358232958653
0	0.2989126458468155	30.73037308633085
0	0.2986137332009687	30.73037308633087
0	0.29831511946776773	30.988110868656094
0	0.29801680434829997	30.666425116900037
0	0.29771878754395165	30.666425116900044
0	0.29742106875640767	30.66642511690005
0	0.29712364768765126	30.66642511690005
0	0.2968265240399636	30.66642511690005
0	0.2965296975159237	30.86527510969144
0	0.29623316781840775	30.86527510969144
0	0.29593693465058934	30.86527510969143
0	0.29564099771593877	30.86527510969144
0	0.2953453567182228	30.8652751096914
0	0.2950500113615046	30.865275109691435
0	0.2947549613501431	30.865275109691424
0	0.294460206388793	30.86527510969144
0	0.2941657461824042	30.86527510969144
0	0.2938715804362218	30.865275109691417
0	0.2935777088557856	30.814910502330918
0	0.2932841311469298	30.814910502330903
0	0.2929908470157829	30.814910502330907
0	0.2926978561687671	30.8149105023309
0	0.29240515831259833	31.0172909233461
0	0.29211275315428575	31.25108137391089
0	0.2918206404011315	30.871362789082383
0	0.29152881976073036	30.871362789082365
0	0.2912372909409696	30.87136278908234
0	0.2909460536500286	30.871362789082347
0	0.2906551075963786	31.668106949716076
0	0.2903644524887822	31.668106949716076
0	0.2900740880362934	30.999225348360326
0	0.28978401394825715	30.999225348360312
0	0.2894942299343089	30.999225348360326
0	0.2892047357043746	30.99922534836028
0	0.28891553096867023	30.99922534836031
0	0.2886266154377016	30.99922534836031
0	0.28833798882226386	30.99922534836034
0	0.2880496508334416	30.999225348360333
0	0.28776160118260813	30.871362789082333
0	0.2874738395814255	30.871362789082347
0	0.2871863657418441	31.223029681816044
0	0.28689917937610226	31.223029681816023
0	0.2866122801967262	31.223029681816033
0	0.28632566791652947	31.223029681816023
0	0.28603934224861294	31.223029681816037
0	0.2857533029063643	31.223029681816037
0	0.28546754960345794	31.223029681816048
0	0.2851820820538545	31.223029681816058
0	0.2848968999718006	32.0596638896608
0	0.2846120030718288	32.05966388966077
0	0.284327391068757	31.064869965500876
0	0.2840430636776882	31.06486996550089
0	0.28375902061401054	30.915015780218624
0	0.28347526159339653	30.915015780218624
0	0.28319178633180314	30.9150157802186
0	0.28290859454547135	30.915015780218603
0	0.28262568595092585	30.91501578021861
0	0.2823430602649749	30.915015780218603
0	0.28206071720470993	30.915015780218624
0	0.2817786564875052	30.91501578021861
0	0.28149687783101773	31.254675678465595
0	0.2812153809531867	31.32402252737992
0	0.28093416557223355	31.324022527379906
0	0.2806532314066613	31.668106949716087
0	0.2803725781752547	31.668106949716083
0	0.2800922055970794	31.636339319221516
0	0.2798121133914823	31.63633931922152
0	0.2795323012780908	31.63633931922149
0	0.2792527689768127	31.636339319221516
0	0.2789735162078359	30.51783672506385
0	0.2786945426916281	30.258977415439833
0	0.27841584814893644	30.25897741543981
0	0.2781374323007875	30.258977415439823
0	0.27785929486848676	30.258977415439844
0	0.27758143557361825	30.25897741543983
0	0.27730385413804465	30.258977415439844
0	0.2770265502839066	30.258977415439844
0	0.2767495237336227	30.258977415439837
0	0.2764727742098891	30.40776471992447
0	0.2761963014356792	30.407764719924458
0	0.27592010513424353	30.407764719924458
0	0.2756441850291093	30.407764719924476
0	0.2753685408440802	30.407764719924472
0	0.2750931723032361	30.407764719924472
0	0.27481807913093287	30.407764719924486
0	0.27454326105180193	30.40776471992448
0	0.2742687177907501	30.407764719924476
0	0.2739944490729594	30.40776471992448
0	0.27372045462388644	30.407764719924476
0	0.2734467341692626	30.40776471992448
0	0.27317328743509334	30.407764719924476
0	0.27290011414765825	30.407764719924476
0	0.2726272140335106	30.40776471992448
0	0.27235458681947705	30.407764719924483
0	0.2720822322326576	30.40776471992447
0	0.2718101500004249	31.347384021747867
0	0.27153833985042447	31.347384021747846
0	0.27126680151057403	30.891602211494973
0	0.27099553470906346	30.891602211494977
0	0.2707245391743544	30.89160221149497
0	0.27045381463518003	30.891602211494906
0	0.27018336082054484	30.891602211494945
0	0.2699131774597243	30.891602211494977
0	0.2696432642822646	30.891602211494977
0	0.26937362101798235	30.89160221149502
0	0.26910424739696437	30.891602211494973
0	0.2688351431495674	30.891602211494984
0	0.26856630800641784	30.891602211494977
0	0.2682977416984114	31.024391581557897
0	0.268029443956713	31.0243915815579
0	0.2677614145127563	31.024391581557882
0	0.2674936530982436	30.90752116131922
0	0.26722615944514533	30.907521161319217
0	0.2669589332857002	30.907521161319178
0	0.2666919743524145	30.865862404664025
0	0.26642528237806207	30.907521161319153
0	0.266158857095684	30.907521161319153
0	0.2658926982385883	30.865862404664025
0	0.26562680554034973	30.865862404664078
0	0.26536117873480936	30.86586240466405
0	0.26509581755607453	30.86586240466405
0	0.26483072173851846	30.865862404664107
0	0.26456589101677996	30.865862404664043
0	0.2643013251257632	30.907521161319153
0	0.2640370238006374	30.90752116131919
0	0.2637729867768368	30.90752116131919
0	0.26350921379006	31.216236507533687
0	0.26324570457626995	31.21623650753377
0	0.2629824588716937	31.216236507533687
0	0.262719476412822	31.21623650753375
0	0.2624567569364092	31.21623650753368
0	0.26219430017947276	30.87430757673272
0	0.2619321058792933	30.87430757673271
0	0.261670173773414	30.87430757673271
0	0.2614085035996406	31.216236507533665
0	0.26114709509604095	31.21623650753375
0	0.2608859480009449	31.216236507533687
0	0.26062506205294395	31.21623650753375
0	0.260364436990891	31.645863602805782
0	0.2601040725539001	31.64586360280579
0	0.2598439684813462	31.645863602805797
0	0.2595841245128649	31.64586360280578
0	0.259324540388352	31.64586360280581
0	0.25906521584796366	31.645863602805807
0	0.2588061506321157	31.645863602805804
0	0.2585473444814836	31.645863602805804
0	0.2582887971370021	31.645863602805786
0	0.2580305083398651	31.578125722074045
0	0.2577724778315252	31.578125722074052
0	0.25751470535369364	31.44777690219752
0	0.25725719064833996	31.44777690219752
0	0.2569999334576916	31.44777690219752
0	0.25674293352423394	31.44777690219752
0	0.2564861905907097	31.44777690219752
0	0.256229704400119	31.44777690219751
0	0.25597347469571885	31.447776902197518
0	0.25571750122102316	31.44777690219752
0	0.25546178371980216	31.236724690506833
0	0.25520632193608234	31.236724690506826
0	0.25495111561414624	30.799326133716363
0	0.2546961644985321	30.799326133716363
0	0.2544414683340336	30.79932613371639
0	0.25418702686569955	30.799326133716395
0	0.25393283983883386	30.799326133716335
0	0.25367890699899504	30.79932613371637
0	0.253425228091996	30.79932613371637
0	0.253171802863904	30.799326133716395
0	0.2529186310610401	30.799326133716335
0	0.2526657124299791	30.799326133716335
0	0.2524130467175491	30.799326133716384
0	0.2521606336708316	30.799326133716388
0	0.25190847303716074	30.799326133716384
0	0.25165656456412355	30.79932613371639
0	0.25140490799955945	30.799326133716384
0	0.25115350309155987	30.79932613371637
0	0.2509023495884683	30.79932613371637
0	0.25065144723887983	30.799326133716388
0	0.25040079579164093	30.799326133716377
0	0.2501503949958493	30.799326133716377
0	0.24990024460085344	30.799326133716363
0	0.24965034435625258	30.799326133716384
0	0.24940069401189632	30.532502214385538
0	0.24915129331788444	30.609792907936782
0	0.24890214202456656	30.609792907936786
0	0.248653239882542	30.60979290793682
0	0.24840458664265946	30.71025437820728
0	0.2481561820560168	30.710254378207292
0	0.2479080258739608	30.710254378207292
0	0.24766011784808684	30.71025437820729
0	0.24741245773023876	30.71025437820729
0	0.24716504527250852	30.71025437820729
0	0.24691788022723601	30.710254378207303
0	0.24667096234700878	30.710254378207303
0	0.24642429138466176	30.71025437820728
0	0.2461778670932771	30.7102543782073
0	0.24593168922618383	30.71025437820728
0	0.24568575753695765	30.710254378207274
0	0.2454400717794207	30.710254378207285
0	0.24519463170764128	30.710254378207285
0	0.24494943707593364	30.710254378207285
0	0.24470448763885772	30.473184682022445
0	0.24445978315121886	30.47318468202246
0	0.24421532336806764	30.473184682022456
0	0.24397110804469957	30.47318468202244
0	0.24372713693665488	30.47318468202244
0	0.24348340979971822	30.473184682022456
0	0.2432399263899185	30.399139851507208
0	0.2429966864635286	30.39913985150723
0	0.24275368977706507	30.399139851507215
0	0.24251093608728802	30.39913985150721
0	0.24226842515120073	30.39913985150721
0	0.24202615672604952	30.39913985150721
0	0.24178413056932346	30.399139851507222
0	0.24154234643875414	30.399139851507204
0	0.24130080409231539	30.473184682022463
0	0.24105950328822306	30.473184682022453
0	0.24081844378493483	30.473184682022456
0	0.2405776253411499	30.473184682022456
0	0.24033704771580874	30.517836725063862
0	0.24009671066809293	30.51783672506388
0	0.23985661395742483	30.517836725063862
0	0.2396167573434674	30.51783672506385
0	0.23937714058612394	30.517836725063848
0	0.23913776344553783	30.517836725063844
0	0.2388986256820923	30.517836725063848
0	0.2386597270564102	30.51783672506385
0	0.23842106732935378	30.517836725063866
0	0.23818264626202443	30.473184682022453
0	0.2379444636157624	30.473184682022467
0	0.23770651915214663	30.473184682022463
0	0.2374688126329945	30.473184682022463
0	0.23723134382036148	30.473184682022453
0	0.23699411247654112	30.865275109691407
0	0.23675711836406457	30.865275109691407
0	0.2365203612457005	30.865275109691446
0	0.2362838408844548	31.562160238579132
0	0.23604755704357036	31.562160238579125
0	0.2358115094865268	31.56216023857914
0	0.23557569797704025	31.562160238579118
0	0.2353401222790632	31.343545374151827
0	0.23510478215678413	31.917016448511575
0	0.23486967737462733	31.94629013447264
0	0.2346348076972527	31.94629013447259
0	0.23440017288955545	31.946290134472655
0	0.2341657727166659	31.946290134472658
0	0.2339316069439492	31.946290134472683
0	0.23369767533700525	31.946290134472655
0	0.23346397766166824	31.219026208555242
0	0.23323051368400657	31.219026208555228
0	0.23299728317032256	31.168868479309495
0	0.23276428588715223	31.16886847930948
0	0.23253152160126508	31.16886847930949
0	0.23229899007966381	31.168868479309495
0	0.23206669108958414	31.168868479309477
0	0.23183462439849456	31.219026208555242
0	0.23160278977409607	30.865056026918758
0	0.23137118698432196	30.86505602691878
0	0.23113981579733764	30.86505602691877
0	0.2309086759815403	30.71025437820728
0	0.23067776730555875	30.7102543782073
0	0.23044708953825319	30.609792907936782
0	0.23021664244871493	30.609792907936786
0	0.22998642580626621	30.609792907936775
0	0.22975643938045995	30.60979290793678
0	0.2295266829410795	30.60979290793679
0	0.22929715625813843	30.532502214385534
0	0.2290678591018803	30.532502214385495
0	0.22883879124277842	30.53250221438553
0	0.22860995245153565	30.53250221438553
0	0.22838134249908412	30.532502214385527
0	0.22815296115658504	30.532502214385527
0	0.22792480819542846	30.532502214385527
0	0.22769688338723304	30.532502214385527
0	0.22746918650384582	30.609792907936782
0	0.22724171731734197	30.532502214385534
0	0.22701447560002463	30.532502214385534
0	0.2267874611244246	30.532502214385534
0	0.22656067366330018	30.53250221438552
0	0.22633411298963688	30.532502214385538
0	0.22610777887664724	30.532502214385524
0	0.22588167109777058	30.799326133716363
0	0.2256557894266728	30.799326133716352
0	0.22543013363724612	30.799326133716352
0	0.22520470350360888	30.799326133716352
0	0.2249794988001053	30.799326133716395
0	0.2247545193013052	30.799326133716377
0	0.22452976478200387	30.53250221438552
0	0.22430523501722185	30.532502214385524
0	0.22408092978220462	30.532502214385524
0	0.2238568488524224	30.532502214385524
0	0.22363299200356998	30.532502214385534
0	0.22340935901156642	30.258977415439826
0	0.22318594965255484	30.258977415439812
0	0.22296276370290227	30.182588008998586
0	0.22273980093919937	30.182588008998597
0	0.22251706113826017	30.18258800899862
0	0.2222945440771219	30.18258800899862
0	0.22207224953304477	30.1825880089986
0	0.22185017728351172	30.182588008998597
0	0.2216283271062282	30.182588008998597
0	0.22140669877912197	30.814910502330907
0	0.22118529208034285	30.814910502330935
0	0.2209641067882625	30.1825880089986
0	0.22074314268147424	30.18258800899859
0	0.22052239953879277	30.182588008998597
0	0.22030187713925398	30.182588008998597
0	0.22008157526211472	30.18258800899859
0	0.2198614936868526	30.182588008998597
0	0.21964163219316574	30.182588008998597
0	0.21942199056097256	30.182588008998607
0	0.2192025685704116	30.182588008998593
0	0.21898336600184118	30.182588008998593
0	0.21876438263583933	30.182588008998597
0	0.21854561825320348	30.18258800899862
0	0.21832707263495027	30.399139851507208
0	0.21810874556231533	30.182588008998607
0	0.217890636816753	30.814910502330918
0	0.21767274617993623	30.81491050233093
0	0.2174550734337563	30.81491050233093
0	0.21723761836032254	30.81491050233091
0	0.21702038074196223	30.81491050233091
0	0.21680336036122028	30.814910502330893
0	0.21658655700085905	30.666425116900037
0	0.2163699704438582	30.66642511690004
0	0.21615360047341434	30.66642511690005
0	0.21593744687294092	30.66642511690006
0	0.21572150942606796	30.66642511690004
0	0.2155057879166419	30.66642511690005
0	0.21529028212872525	30.399139851507215
0	0.21507499184659654	30.399139851507215
0	0.21485991685474995	30.399139851507215
0	0.2146450569378952	30.399139851507204
0	0.21443041188095732	31.362491889321795
0	0.21421598146907636	31.362491889321785
0	0.21400176548760727	31.362491889321777
0	0.21378776372211966	31.362491889321774
0	0.21357397595839755	31.362491889321767
0	0.21336040198243916	30.971284926037345
0	0.21314704158045672	30.971284926037367
0	0.21293389453887626	30.971284926037363
0	0.21272096064433738	30.971284926037367
0	0.21250823968369303	30.97128492603733
0	0.21229573144400934	30.97128492603733
0	0.21208343571256533	30.971284926037367
0	0.21187135227685275	30.971284926037367
0	0.2116594809245759	30.971284926037374
0	0.21144782144365132	30.971284926037363
0	0.21123637362220768	30.971284926037367
0	0.21102513724858546	30.971284926037363
0	0.21081411211133688	30.971284926037377
0	0.21060329799922556	30.971284926037367
0	0.21039269470122635	30.971284926037395
0	0.21018230200652513	30.971284926037367
0	0.2099721197045186	30.97128492603739
0	0.20976214758481407	30.971284926037367
0	0.20955238543722926	30.971284926037367
0	0.20934283305179202	30.971284926037363
0	0.20913349021874023	30.971284926037367
0	0.2089243567285215	30.971284926037374
0	0.20871543237179296	30.971284926037367
0	0.20850671693942116	30.971284926037367
0	0.20829821022248174	30.971284926037363
0	0.20808991201225926	30.97128492603733
0	0.207881822100247	30.971284926037367
0	0.20767394027814676	30.66642511690004
0	0.2074662663378686	30.666425116900058
0	0.20725880007153075	30.666425116900037
0	0.20705154127145922	30.988110868656058
0	0.20684448973018776	30.988110868656054
0	0.20663764524045758	31.007561780456903
0	0.20643100759521713	31.00756178045695
0	0.20622457658762192	31.00756178045695
0	0.2060183520110343	31.007561780456946
0	0.20581233365902327	31.00756178045697
0	0.20560652132536425	31.007561780456953
0	0.20540091480403888	31.00756178045694
0	0.20519551388923485	31.017290923346113
0	0.20499031837534562	31.038565699677026
0	0.20478532805697028	31.038565699677026
0	0.2045805427289133	31.038565699677026
0	0.20437596218618437	31.038565699677008
0	0.2041715862239982	31.038565699677008
0	0.2039674146377742	31.03856569967702
0	0.20376344722313644	31.038565699677008
0	0.2035596837759133	31.038565699677026
0	0.20335612409213738	31.038565699676997
0	0.20315276796804524	31.038565699677
0	0.2029496152000772	31.038565699676976
0	0.20274666558487714	31.038565699676976
0	0.20254391891929227	31.038565699676997
0	0.20234137500037297	31.03856569967702
0	0.20213903362537258	31.038565699677
0	0.2019368945917472	30.857060637215863
0	0.20173495769715546	30.532502214385538
0	0.2015332227394583	30.532502214385545
0	0.20133168951671884	30.53250221438553
0	0.20113035782720212	30.53250221438553
0	0.20092922746937492	30.609792907936782
0	0.20072829824190555	30.71025437820728
0	0.20052756994366364	30.51783672506388
0	0.20032704237371998	30.517836725063848
0	0.20012671533134627	30.473184682022453
0	0.19992658861601492	30.473184682022463
0	0.19972666202739892	30.473184682022456
0	0.19952693536537153	30.473184682022463
0	0.19932740843000615	30.517836725063873
0	0.19912808102157614	30.517836725063848
0	0.19892895294055457	30.517836725063848
0	0.19873002398761402	30.517836725063844
0	0.1985312939636264	30.517836725063848
0	0.19833276266966277	30.517836725063855
0	0.1981344299069931	30.51783672506385
0	0.1979362954770861	30.473184682022453
0	0.197738359181609	30.473184682022463
0	0.1975406208224274	30.473184682022463
0	0.197343080201605	30.399139851507208
0	0.19714573712140337	30.399139851507222
0	0.19694859138428197	30.399139851507208
0	0.1967516427928977	30.399139851507204
0	0.1965548911501048	30.399139851507194
0	0.19635833625895469	30.399139851507208
0	0.19616197792269574	30.399139851507208
0	0.19596581594477305	30.399139851507204
0	0.19576985012882828	30.399139851507194
0	0.19557408027869944	30.399139851507194
0	0.19537850619842073	30.399139851507222
0	0.19518312769222232	30.399139851507208
0	0.19498794456453009	30.39913985150722
0	0.19479295661996557	30.40776471992448
0	0.1945981636633456	30.407764719924497
0	0.19440356549968224	30.40776471992448
0	0.19420916193418256	30.258977415439833
0	0.19401495277224837	30.258977415439844
0	0.19382093781947612	30.258977415439887
0	0.19362711688165665	30.25897741543987
0	0.193433489764775	30.258977415439833
0	0.19324005627501023	30.258977415439826
0	0.1930468162187352	30.258977415439844
0	0.19285376940251647	30.51783672506385
0	0.19266091563311397	30.51783672506388
0	0.19246825471748086	30.517836725063873
0	0.1922757864627634	30.47318468202244
0	0.1920835106763006	30.47318468202244
0	0.19189142716562432	30.473184682022456
0	0.1916995357384587	30.473184682022442
0	0.19150783620272022	30.473184682022456
0	0.1913163283665175	30.473184682022456
0	0.19112501203815097	30.47318468202243
0	0.1909338870261128	30.182588008998607
0	0.19074295313908668	30.182588008998593
0	0.1905522101859476	30.18258800899862
0	0.19036165797576166	30.182588008998593
0	0.1901712963177859	30.182588008998597
0	0.1899811250214681	30.473184682022463
0	0.18979114389644663	30.47318468202246
0	0.1896013527525502	30.473184682022456
0	0.18941175139979763	30.473184682022424
0	0.18922233964839782	30.47318468202246
0	0.18903311730874942	30.473184682022424
0	0.18884408419144066	30.473184682022428
0	0.1886552401072492	30.47318468202246
0	0.18846658486714196	30.47318468202245
0	0.1882781182822748	30.473184682022428
0	0.18808984016399252	30.473184682022463
0	0.18790175032382853	30.473184682022463
0	0.1877138485735047	30.473184682022453
0	0.1875261347249312	30.47318468202247
0	0.1873386085902063	30.473184682022456
0	0.18715126998161608	30.473184682022477
0	0.18696411871163446	30.473184682022456
0	0.18677715459292282	30.517836725063855
0	0.1865903774383299	30.51783672506387
0	0.18640378706089158	30.517836725063873
0	0.1862173832738307	30.51783672506386
0	0.18603116589055688	30.51783672506385
0	0.18584513472466632	30.51783672506385
0	0.18565928958994166	30.517836725063887
0	0.18547363030035172	30.517836725063848
0	0.18528815667005136	30.517836725063887
0	0.1851028685133813	30.51783672506385
0	0.18491776564486792	30.40776471992447
0	0.18473284787922306	30.407764719924486
0	0.18454811503134383	30.39913985150723
0	0.18436356691631248	30.399139851507215
0	0.18417920334939616	30.399139851507204
0	0.18399502414604677	30.399139851507215
0	0.18381102912190073	30.182588008998607
0	0.18362721809277882	30.182588008998625
0	0.18344359087468604	30.182588008998607
0	0.18326014728381135	30.182588008998597
0	0.18307688713652753	30.182588008998597
0	0.182893810249391	30.182588008998586
0	0.1827109164391416	30.182588008998593
0	0.18252820552270246	30.182588008998597
0	0.18234567731717977	30.18258800899859
0	0.1821633316398626	30.182588008998604
0	0.18198116830822272	30.182588008998597
0	0.1817991871399145	30.182588008998597
0	0.18161738795277457	30.182588008998604
0	0.1814357705648218	30.182588008998604
0	0.18125433479425698	30.182588008998597
0	0.18107308045946272	30.182588008998604
0	0.18089200737900324	30.182588008998597
0	0.18071111537162424	30.182588008998597
0	0.1805304042562526	30.473184682022463
0	0.18034987385199636	30.473184682022456
0	0.18016952397814437	30.47318468202245
0	0.17998935445416622	30.47318468202245
0	0.17980936509971204	30.51783672506386
0	0.17962955573461234	30.517836725063873
0	0.17944992617887773	30.40776471992447
0	0.17927047625269885	30.258977415439833
0	0.17909120577644616	30.25897741543981
0	0.17891211457066972	30.258977415439823
0	0.17873320245609906	30.258977415439816
0	0.17855446925364296	30.25897741543981
0	0.17837591478438933	30.25897741543981
0	0.17819753886960493	30.258977415439823
0	0.17801934133073533	30.258977415439823
0	0.17784132198940458	30.25897741543983
0	0.1776634806674152	30.258977415439823
0	0.17748581718674777	30.258977415439833
0	0.17730833136956103	30.25897741543981
0	0.17713102303819148	30.25897741543981
0	0.1769538920151533	30.25897741543982
0	0.17677693812313813	30.258977415439823
0	0.17660016118501498	30.258977415439823
0	0.17642356102382997	30.258977415439823
0	0.17624713746280615	30.258977415439823
0	0.17607089032534334	30.258977415439833
0	0.175894819435018	30.18258800899859
0	0.17571892461558297	30.182588008998607
0	0.1755432056909674	30.182588008998625
0	0.17536766248527644	30.182588008998593
0	0.17519229482279117	30.399139851507208
0	0.17501710252796837	30.399139851507215
0	0.1748420854254404	30.399139851507222
0	0.17466724334001496	30.399139851507243
0	0.17449257609667496	30.399139851507236
0	0.1743180835205783	30.399139851507222
0	0.1741437654370577	30.473184682022463
0	0.17396962167162064	30.47318468202246
0	0.173795652049949	30.473184682022424
0	0.17362185639789907	30.473184682022413
0	0.17344823454150116	30.473184682022413
0	0.17327478630695967	30.473184682022435
0	0.1731015115206527	30.182588008998607
0	0.17292841000913206	30.182588008998625
0	0.17275548159912293	30.182588008998607
0	0.17258272611752382	30.18258800899861
0	0.17241014339140628	30.182588008998625
0	0.1722377332480149	30.182588008998593
0	0.17206549551476688	30.18258800899859
0	0.1718934300192521	30.182588008998597
0	0.17172153658923286	30.182588008998586
0	0.17154981505264363	30.182588008998586
0	0.17137826523759098	30.18258800899859
0	0.1712068869723534	30.182588008998604
0	0.17103568008538103	30.182588008998607
0	0.17086464440529564	30.182588008998625
0	0.17069377976089034	30.182588008998636
0	0.17052308598112945	30.182588008998607
0	0.17035256289514833	30.1825880089986
0	0.17018221033225317	30.399139851507208
0	0.17001202812192093	30.399139851507215
0	0.169842016093799	30.182588008998607
0	0.1696721740777052	30.182588008998604
0	0.1695025019036275	30.182588008998586
0	0.1693329994017239	30.258977415439826
0	0.16916366640232217	30.258977415439844
0	0.16899450273591984	30.258977415439844
0	0.16882550823318393	30.258977415439844
0	0.16865668272495074	30.258977415439844
0	0.1684880260422258	30.258977415439844
0	0.16831953801618357	30.25897741543981
0	0.16815121847816739	30.51783672506385
0	0.16798306725968923	30.517836725063866
0	0.16781508419242955	30.40776471992447
0	0.16764726910823713	30.40776471992448
0	0.1674796218391289	30.40776471992448
0	0.16731214221728977	30.407764719924483
0	0.16714483007507247	30.407764719924497
0	0.1669776852449974	30.40776471992449
0	0.1668107075597524	30.407764719924483
0	0.16664389685219266	30.407764719924483
0	0.16647725295534047	30.407764719924483
0	0.16631077570238512	30.40776471992448
0	0.16614446492668272	30.407764719924476
0	0.16597832046175603	30.40776471992448
0	0.16581234214129428	30.40776471992448
0	0.16564652979915298	30.399139851507222
0	0.16548088326935384	30.399139851507226
0	0.1653154023860845	30.399139851507204
0	0.1651500869836984	30.399139851507194
0	0.1649849368967147	30.399139851507194
0	0.164819951959818	30.399139851507236
0	0.16465513200785817	30.40776471992448
0	0.1644904768758503	30.399139851507222
0	0.16432598639897444	30.399139851507215
0	0.16416166041257546	30.399139851507215
0	0.16399749875216288	30.399139851507208
0	0.16383350125341073	30.399139851507204
0	0.16366966775215733	30.399139851507215
0	0.16350599808440516	30.4077647199245
0	0.16334249208632076	30.40776471992448
0	0.16317914959423443	30.40776471992448
0	0.1630159704446402	30.407764719924476
0	0.16285295447419557	30.4077647199245
0	0.16269010151972138	30.4077647199245
0	0.16252741141820165	30.407764719924486
0	0.16236488400678345	30.407764719924486
0	0.16220251912277667	30.407764719924476
0	0.1620403166036539	30.40776471992447
0	0.16187827628705023	30.40776471992448
0	0.16171639801076318	30.40776471992448
0	0.1615546816127524	30.40776471992448
0	0.16139312693113966	30.407764719924483
0	0.16123173380420852	30.39913985150722
0	0.16107050207040433	30.399139851507208
0	0.16090943156833393	30.39913985150719
0	0.1607485221367656	30.399139851507194
0	0.16058777361462884	30.399139851507194
0	0.1604271858410142	30.399139851507208
0	0.16026675865517317	30.399139851507194
0	0.160106491896518	30.407764719924486
0	0.15994638540462147	30.258977415439833
0	0.15978643901921685	30.258977415439844
0	0.15962665258019765	30.258977415439823
0	0.15946702592761744	30.258977415439823
0	0.15930755890168982	30.182588008998582
0	0.15914825134278812	30.182588008998607
0	0.15898910309144534	30.182588008998586
0	0.1588301139883539	30.25897741543987
0	0.15867128387436555	30.25897741543987
0	0.15851261259049118	30.258977415439844
0	0.1583540999779007	30.258977415439826
0	0.1581957458779228	30.25897741543983
0	0.15803755013204487	30.258977415439844
0	0.15787951258191282	30.182588008998582
0	0.1577216330693309	30.18258800899858
0	0.15756391143626158	30.182588008998582
0	0.15740634752482532	30.182588008998586
0	0.1572489411773005	30.182588008998614
0	0.1570916922361232	30.81491050233091
0	0.15693460054388708	30.814910502330907
0	0.1567776659433432	30.907280718469256
0	0.15662088827739984	30.907280718469245
0	0.15646426738912245	30.907280718469295
0	0.1563078031217333	30.907280718469295
0	0.15615149531861158	30.90728071846926
0	0.15599534382329297	30.907280718469288
0	0.15583934847946967	30.258977415439823
0	0.15568350913099022	30.25897741543983
0	0.15552782562185924	30.40776471992447
0	0.15537229779623737	30.258977415439833
0	0.15521692549844113	30.258977415439833
0	0.15506170857294269	30.258977415439805
0	0.15490664686436975	30.258977415439823
0	0.15475174021750537	30.25897741543981
0	0.15459698847728787	30.258977415439823
0	0.1544423914888106	30.258977415439848
0	0.15428794909732177	30.25897741543988
0	0.15413366114822444	30.258977415439823
0	0.15397952748707622	30.258977415439833
0	0.15382554795958914	30.51783672506385
0	0.15367172241162955	30.40776471992447
0	0.15351805068921792	30.407764719924476
0	0.1533645326385287	30.407764719924483
0	0.15321116810589017	30.407764719924497
0	0.1530579569377843	30.40776471992447
0	0.1529048989808465	30.258977415439833
0	0.15275199408186566	30.258977415439837
0	0.15259924208778378	30.258977415439823
0	0.15244664284569598	30.258977415439865
0	0.15229419620285028	30.25897741543986
0	0.15214190200664743	30.25897741543981
0	0.15198976010464077	30.25897741543981
0	0.15183777034453613	30.258977415439848
0	0.1516859325741916	30.40776471992447
0	0.1515342466416174	30.407764719924508
0	0.1513827123949758	30.40776471992447
0	0.15123132968258082	30.407764719924476
0	0.15108009835289823	30.40776471992448
0	0.15092901825454533	30.407764719924483
0	0.15077808923629077	30.407764719924497
0	0.15062731114705447	30.40776471992448
0	0.1504766838359074	30.407764719924508
0	0.15032620715207148	30.407764719924476
0	0.1501758809449194	30.40776471992448
0	0.15002570506397447	30.407764719924476
0	0.1498756793589105	30.407764719924476
0	0.14972580367955157	30.40776471992448
0	0.14957607787587202	30.6097929079368
0	0.14942650179799613	30.609792907936733
0	0.14927707529619813	30.609792907936782
0	0.14912779822090194	30.6097929079368
0	0.14897867042268104	30.609792907936782
0	0.14882969175225835	30.609792907936743
0	0.1486808620605061	30.609792907936775
0	0.14853218119844558	30.6097929079368
0	0.14838364901724713	30.609792907936775
0	0.14823526536822987	30.6097929079368
0	0.14808703010286164	30.39913985150723
0	0.1479389430727588	30.399139851507204
0	0.14779100412968604	30.399139851507194
0	0.14764321312555637	30.399139851507208
0	0.14749556991243082	30.399139851507236
0	0.1473480743425184	30.399139851507236
0	0.14720072626817587	30.399139851507243
0	0.1470535255419077	30.399139851507243
0	0.1469064720163658	30.399139851507243
0	0.14675956554434944	30.399139851507204
0	0.14661280597880508	30.399139851507194
0	0.14646619317282628	30.399139851507208
0	0.14631972697965345	30.182588008998607
0	0.1461734072526738	30.182588008998593
0	0.14602723384542113	30.182588008998597
0	0.14588120661157572	30.1825880089986
0	0.14573532540496414	30.18258800899859
0	0.14558959007955918	30.182588008998582
0	0.1454440004894796	30.18258800899859
0	0.14529855648899012	30.18258800899859
0	0.14515325793250114	30.182588008998582
0	0.14500810467456865	30.18258800899857
0	0.14486309656989407	30.182588008998607
0	0.1447182334733242	30.182588008998586
0	0.14457351523985087	30.182588008998586
0	0.14442894172461102	30.18258800899859
0	0.1442845127828864	30.1825880089986
0	0.1441402282701035	30.182588008998607
0	0.1439960880418334	30.182588008998604
0	0.14385209195379156	30.18258800899859
0	0.14370823986183776	30.18258800899859
0	0.1435645316219759	30.18258800899859
0	0.14342096709035393	30.182588008998607
0	0.14327754612326357	30.182588008998582
0	0.14313426857714032	30.182588008998582
0	0.14299113430856317	30.18258800899859
0	0.1428481431742546	30.1825880089986
0	0.14270529503108034	30.18258800899859
0	0.14256258973604927	30.18258800899859
0	0.14242002714631322	30.182588008998607
0	0.1422776071191669	30.182588008998604
0	0.14213532951204774	30.182588008998597
0	0.1419931941825357	30.182588008998597
0	0.14185120098835316	30.182588008998604
0	0.1417093497873648	30.182588008998607
0	0.14156764043757744	30.182588008998625
0	0.14142607279713987	30.18258800899859
0	0.14128464672434274	30.182588008998582
0	0.1411433620776184	30.182588008998597
0	0.14100221871554078	30.182588008998586
0	0.14086121649682523	30.182588008998586
0	0.14072035528032842	30.182588008998597
0	0.1405796349250481	30.18258800899859
0	0.14043905529012304	30.258977415439837
0	0.14029861623483292	30.258977415439844
0	0.1401583176185981	30.258977415439844
0	0.1400181593009795	30.258977415439823
0	0.1398781411416785	30.182588008998593
0	0.13973826300053682	30.182588008998597
0	0.13959852473753628	30.18258800899859
0	0.13945892621279873	30.182588008998604
0	0.13931946728658592	30.182588008998604
0	0.13918014781929933	30.1825880089986
0	0.13904096767148003	30.1825880089986
0	0.13890192670380855	30.1825880089986
0	0.13876302477710473	30.1825880089986
0	0.13862426175232762	30.1825880089986
0	0.1384856374905753	30.18258800899859
0	0.13834715185308472	30.182588008998597
0	0.13820880470123162	30.182588008998586
0	0.1380705958965304	30.182588008998597
0	0.13793252530063388	30.182588008998593
0	0.13779459277533324	30.18258800899859
0	0.1376567981825579	30.182588008998593
0	0.13751914138437535	30.182588008998597
0	0.13738162224299097	30.182588008998597
0	0.13724424062074797	30.182588008998597
0	0.13710699638012722	30.182588008998597
0	0.1369698893837471	30.182588008998597
0	0.13683291949436335	30.1825880089986
0	0.13669608657486898	30.18258800899859
0	0.1365593904882941	30.182588008998607
0	0.1364228310978058	30.182588008998586
0	0.13628640826670801	30.182588008998575
0	0.1361501218584413	30.697220138060516
0	0.13601397173658286	30.697220138060516
0	0.1358779577648463	30.6972201380605
0	0.13574207980708144	30.697220138060512
0	0.13560633772727437	30.6972201380605
0	0.1354707313895471	30.6972201380605
0	0.13533526065815754	30.697220138060526
0	0.1351999253974994	30.697220138060505
0	0.13506472547210188	30.697220138060533
0	0.1349296607466298	30.182588008998597
0	0.13479473108588316	30.182588008998597
0	0.13465993635479728	30.182588008998597
0	0.13452527641844247	30.182588008998597
0	0.13439075114202403	30.182588008998604
0	0.134256360390882	30.182588008998597
0	0.13412210403049113	30.182588008998597
0	0.13398798192646064	30.182588008998597
0	0.13385399394453418	30.182588008998586
0	0.13372013995058965	30.18258800899862
0	0.13358641981063907	30.25897741543984
0	0.13345283339082842	30.258977415439833
0	0.13331938055743758	30.258977415439837
0	0.13318606117688014	30.40776471992447
0	0.13305287511570327	30.407764719924476
0	0.13291982224058757	30.40776471992448
0	0.13278690241834698	30.258977415439833
0	0.13265411551592862	30.258977415439833
0	0.13252146140041268	30.258977415439844
0	0.13238893993901227	30.25897741543981
0	0.13225655099907327	30.258977415439823
0	0.1321242944480742	30.258977415439833
0	0.13199217015362613	30.258977415439844
0	0.1318601779834725	30.258977415439844
0	0.13172831780548902	30.258977415439833
0	0.13159658948768352	30.258977415439805
0	0.13146499289819583	30.258977415439844
0	0.13133352790529762	30.258977415439844
0	0.13120219437739233	30.258977415439844
0	0.13107099218301493	30.25897741543981
0	0.13093992119083192	30.25897741543982
0	0.13080898126964108	30.258977415439848
0	0.13067817228837145	30.258977415439855
0	0.13054749411608307	30.25897741543986
0	0.13041694662196698	30.258977415439855
0	0.13028652967534501	30.258977415439823
0	0.13015624314566968	30.25897741543981
0	0.130026086902524	30.258977415439848
0	0.1298960608156215	30.25897741543981
0	0.12976616475480587	30.25897741543981
0	0.12963639859005108	30.258977415439833
0	0.12950676219146104	30.258977415439816
0	0.1293772554292696	30.258977415439848
0	0.1292478781738403	30.258977415439844
0	0.12911863029566648	30.258977415439823
0	0.12898951166537082	30.258977415439823
0	0.12886052215370544	30.25897741543983
0	0.12873166163155172	30.258977415439823
0	0.12860292996992018	30.258977415439826
0	0.12847432703995026	30.532502214385538
0	0.12834585271291032	30.609792907936782
0	0.12821750686019742	30.609792907936775
0	0.12808928935333722	30.609792907936786
0	0.12796120006398387	30.609792907936765
0	0.1278332388639199	30.609792907936775
0	0.12770540562505597	30.609792907936768
0	0.1275777002194309	30.609792907936757
0	0.12745012251921148	30.609792907936775
0	0.12732267239669226	30.60979290793677
0	0.12719534972429558	30.71025437820728
0	0.12706815437457128	30.71025437820728
0	0.1269410862201967	30.71025437820728
0	0.1268141451339765	31.06260079642621
0	0.12668733098884255	30.920369979682174
0	0.12656064365785372	30.920369979682178
0	0.12643408301419587	30.920369979682174
0	0.12630764893118168	30.47318468202245
0	0.1261813412822505	30.473184682022485
0	0.12605515994096825	30.399139851507208
0	0.12592910478102728	30.399139851507215
0	0.12580317567624627	30.399139851507208
0	0.12567737250057	30.39913985150723
0	0.12555169512806943	30.399139851507222
0	0.12542614343294137	30.399139851507208
0	0.12530071728950842	30.182588008998607
0	0.12517541657221892	30.1825880089986
0	0.1250502411556467	30.182588008998582
0	0.12492519091449104	30.182588008998586
0	0.12480026572357655	30.182588008998586
0	0.12467546545785298	30.18258800899859
0	0.12455078999239512	30.1825880089986
0	0.12442623920240273	30.1825880089986
0	0.12430181296320032	30.182588008998607
0	0.12417751115023712	30.182588008998597
0	0.12405333363908688	30.182588008998586
0	0.1239292803054478	30.182588008998597
0	0.12380535102514234	30.182588008998597
0	0.1236815456741172	30.182588008998597
0	0.12355786412844308	30.182588008998597
0	0.12343430626431463	30.1825880089986
0	0.12331087195805032	30.1825880089986
0	0.12318756108609227	30.1825880089986
0	0.12306437352500618	30.18258800899859
0	0.12294130915148117	30.18258800899859
0	0.12281836784232969	30.182588008998618
0	0.12269554947448735	30.182588008998607
0	0.12257285392501287	30.182588008998607
0	0.12245028107108785	30.182588008998604
0	0.12232783079001676	30.182588008998597
0	0.12220550295922675	30.182588008998586
0	0.12208329745626752	30.25897741543984
0	0.12196121415881125	30.258977415439848
0	0.12183925294465245	30.258977415439844
0	0.1217174136917078	30.258977415439844
0	0.12159569627801609	30.258977415439823
0	0.12147410058173808	30.25897741543981
0	0.12135262648115634	30.182588008998593
0	0.12123127385467519	30.182588008998604
0	0.12111004258082052	30.1825880089986
0	0.1209889325382397	30.182588008998604
0	0.12086794360570145	30.1825880089986
0	0.12074707566209575	30.182588008998597
0	0.12062632858643366	30.182588008998607
0	0.12050570225784722	30.1825880089986
0	0.12038519655558938	30.18258800899859
0	0.12026481135903379	30.182588008998582
0	0.12014454654767476	30.182588008998582
0	0.12002440200112709	30.182588008998607
0	0.11990437759912596	30.182588008998607
0	0.11978447322152684	30.182588008998607
0	0.11966468874830531	30.182588008998593
0	0.11954502405955701	30.182588008998593
0	0.11942547903549745	30.1825880089986
0	0.11930605355646196	30.182588008998607
0	0.11918674750290549	30.182588008998604
0	0.11906756075540259	30.258977415439826
0	0.11894849319464719	30.258977415439837
0	0.11882954470145254	30.258977415439837
0	0.11871071515675109	30.258977415439837
0	0.11859200444159435	30.1825880089986
0	0.11847341243715274	30.1825880089986
0	0.1183549390247156	30.182588008998582
0	0.11823658408569088	30.182588008998582
0	0.11811834750160519	30.182588008998607
0	0.11800022915410358	30.182588008998607
0	0.11788222892494947	30.182588008998582
0	0.11776434669602452	30.18258800899859
0	0.1176465823493285	30.18258800899859
0	0.11752893576697916	30.182588008998607
0	0.11741140683121218	30.182588008998597
0	0.11729399542438097	30.182588008998593
0	0.11717670142895659	30.18258800899859
0	0.11705952472752763	30.182588008998597
0	0.1169424652028001	30.1825880089986
0	0.1168255227375973	30.182588008998597
0	0.1167086972148597	30.182588008998597
0	0.11659198851764484	30.182588008998586
0	0.1164753965291272	30.18258800899862
0	0.11635892113259806	30.182588008998597
0	0.11624256221146546	30.182588008998597
0	0.116126319649254	30.182588008998597
0	0.11601019332960474	30.182588008998597
0	0.11589418313627514	30.182588008998593
0	0.11577828895313887	30.182588008998604
0	0.11566251066418573	30.182588008998597
0	0.11554684815352155	30.182588008998597
0	0.11543130130536802	30.182588008998593
0	0.11531587000406265	30.182588008998597
0	0.1152005541340586	30.182588008998597
0	0.11508535357992454	30.182588008998607
0	0.11497026822634461	30.182588008998604
0	0.11485529795811826	30.182588008998604
0	0.11474044266016015	30.182588008998597
0	0.11462570221749999	30.18258800899862
0	0.11451107651528249	30.182588008998618
0	0.11439656543876721	30.182588008998618
0	0.11428216887332844	30.182588008998593
0	0.11416788670445512	30.182588008998557
0	0.11405371881775066	30.182588008998604
0	0.11393966509893291	30.1825880089986
0	0.11382572543383399	30.182588008998597
0	0.11371189970840015	30.182588008998607
0	0.11359818780869176	30.182588008998593
0	0.11348458962088306	30.399139851507208
0	0.11337110503126219	30.399139851507194
0	0.11325773392623092	30.399139851507222
0	0.1131444761923047	30.39913985150723
0	0.11303133171611239	30.39913985150723
0	0.11291830038439628	30.399139851507222
0	0.11280538208401188	30.399139851507222
0	0.11269257670192787	30.399139851507243
0	0.11257988412522593	30.399139851507222
0	0.1124673042411007	30.399139851507222
0	0.1123548369368596	30.399139851507222
0	0.11224248209992274	30.407764719924494
0	0.11213023961782281	30.258977415439833
0	0.11201810937820499	30.258977415439833
0	0.11190609126882678	30.258977415439823
0	0.11179418517755796	30.258977415439833
0	0.1116823909923804	30.258977415439805
0	0.11157070860138803	30.258977415439837
0	0.11145913789278664	30.258977415439826
0	0.11134767875489385	30.258977415439865
0	0.11123633107613895	30.1825880089986
0	0.11112509474506281	30.18258800899859
0	0.11101396965031775	30.182588008998607
0	0.11090295568066744	30.182588008998625
0	0.11079205272498677	30.182588008998582
0	0.11068126067226178	30.182588008998614
0	0.11057057941158951	30.182588008998597
0	0.11046000883217792	30.182588008998597
0	0.11034954882334574	30.182588008998607
0	0.1102391992745224	30.1825880089986
0	0.11012896007524788	30.182588008998607
0	0.11001883111517263	30.182588008998607
0	0.10990881228405747	30.1825880089986
0	0.10979890347177342	30.1825880089986
0	0.10968910456830164	30.399139851507208
0	0.10957941546373333	30.399139851507222
0	0.1094698360482696	30.399139851507243
0	0.10936036621222132	30.399139851507222
0	0.10925100584600911	30.399139851507208
0	0.1091417548401631	30.399139851507222
0	0.10903261308532293	30.3991398515072
0	0.1089235804722376	30.399139851507208
0	0.10881465689176537	30.399139851507226
0	0.1087058422348736	30.39913985150722
0	0.10859713639263872	30.399139851507236
0	0.10848853925624609	30.399139851507222
0	0.10838005071698985	30.399139851507204
0	0.10827167066627286	30.399139851507215
0	0.10816339899560658	30.399139851507215
0	0.10805523559661097	30.399139851507215
0	0.10794718036101436	30.399139851507215
0	0.10783923318065335	30.399139851507204
0	0.10773139394747269	30.399139851507236
0	0.10762366255352522	30.182588008998607
0	0.1075160388909717	30.18258800899859
0	0.10740852285208072	30.182588008998607
0	0.10730111432922863	30.182588008998593
0	0.1071938132148994	30.1825880089986
0	0.1070866194016845	30.182588008998597
0	0.10697953278228281	30.25897741543984
0	0.10687255324950053	30.25897741543983
0	0.10676568069625103	30.25897741543985
0	0.10665891501555477	30.258977415439823
0	0.10655225610053921	30.25897741543981
0	0.10644570384443867	30.25897741543982
0	0.10633925814059424	30.25897741543981
0	0.10623291888245365	30.182588008998593
0	0.1061266859635712	30.182588008998597
0	0.10602055927760762	30.182588008998597
0	0.10591453871833001	30.182588008998604
0	0.10580862417961168	30.1825880089986
0	0.10570281555543207	30.182588008998597
0	0.10559711273987664	30.182588008998607
0	0.10549151562713677	30.182588008998593
0	0.10538602411150963	30.182588008998597
0	0.10528063808739813	30.473184682022463
0	0.10517535744931072	30.473184682022453
0	0.10507018209186142	30.47318468202246
0	0.10496511190976955	30.47318468202244
0	0.10486014679785978	30.473184682022424
0	0.10475528665106192	30.473184682022413
0	0.10465053136441085	30.47318468202246
0	0.10454588083304645	30.47318468202245
0	0.1044413349522134	30.47318468202246
0	0.10433689361726119	30.47318468202246
0	0.10423255672364393	30.473184682022463
0	0.10412832416692028	30.473184682022456
0	0.10402419584275335	30.473184682022463
0	0.1039201716469106	30.473184682022445
0	0.10381625147526369	30.473184682022424
0	0.10371243522378842	30.473184682022435
0	0.10360872278856463	30.517836725063848
0	0.10350511406577606	30.51783672506385
0	0.10340160895171029	30.40776471992447
0	0.10329820734275857	30.407764719924476
0	0.10319490913541582	30.40776471992448
0	0.1030917142262804	30.399139851507236
0	0.10298862251205412	30.399139851507233
0	0.10288563388954207	30.399139851507215
0	0.10278274825565252	30.399139851507215
0	0.10267996550739687	30.399139851507204
0	0.10257728554188948	30.399139851507236
0	0.1024747082563476	30.399139851507243
0	0.10237223354809125	30.399139851507236
0	0.10226986131454316	30.399139851507243
0	0.10216759145322861	30.399139851507215
0	0.10206542386177538	30.399139851507204
0	0.1019633584379136	30.399139851507204
0	0.10186139507947568	30.399139851507215
0	0.1017595336843962	30.399139851507236
0	0.10165777415071181	30.399139851507247
0	0.1015561163765611	30.4077647199245
0	0.10145456026018454	30.40776471992449
0	0.10135310569992435	30.40776471992448
0	0.10125175259422443	30.407764719924472
0	0.10115050084163021	30.407764719924472
0	0.10104935034078859	30.40776471992448
0	0.1009483009904478	30.40776471992448
0	0.10084735268945735	30.40776471992448
0	0.10074650533676789	30.40776471992448
0	0.10064575883143112	30.40776471992447
0	0.1005451130725997	30.40776471992447
0	0.1004445679595271	30.407764719924476
0	0.10034412339156756	30.407764719924494
0	0.100243779268176	30.407764719924476
0	0.10014353548890782	30.407764719924486
0	0.10004339195341891	30.399139851507226
0	0.09994334856146549	30.407764719924508
