0	100	252.32593580082607
1	99.0	270.9919290676105
2	98.01	239.80453409597703
3	97.0299	237.8069163811973
4	96.059601	242.90488075942747
5	95.09900499	242.63754223013723
6	94.1480149401	246.38793092189007
7	93.206534790699	248.27969839069377
8	92.27446944279201	219.8440657905299
9	91.35172474836409	175.9608294534026
10	90.43820750088045	176.46379336048318
11	89.53382542587164	151.11560738147858
12	88.63848717161292	144.65079270854488
13	87.75210229989679	147.4373157473392
14	86.87458127689783	145.37840687115994
15	86.00583546412885	145.37840687115994
16	85.14577710948755	146.97465350888805
17	84.29431933839268	150.6594583745465
18	83.45137614500875	146.90449311384123
19	82.61686238355867	152.11131672951146
20	81.79069375972308	261.44318373022065
21	80.97278682212585	261.9642110581612
22	80.1630589539046	258.85576063112427
23	79.36142836436555	256.2001432038634
24	78.56781408072189	253.54592186334008
25	77.78213593991467	253.54592186334014
26	77.00431458051553	253.7515070622274
27	76.23427143471037	245.7082481303857
28	75.47192872036327	241.3825066628651
29	74.71720943315964	242.06554277434873
30	73.97003733882804	256.8802465605811
31	73.23033696543976	256.72557551257876
32	72.49803359578536	395.0958221586373
33	71.7730532598275	245.29797969100872
34	71.05532272722922	263.3159555661842
35	70.34476949995693	257.7816067401594
36	69.64132180495736	257.7816067401594
37	68.94490858690779	251.7762010674001
38	68.25545950103871	251.7762010674001
39	67.57290490602833	162.9993573202651
40	66.89717585696805	170.18406784979456
41	66.22820409839836	170.18406784979462
42	65.56592205741438	170.29924378243987
43	64.91026283684023	168.78234470040263
44	64.26116020847184	167.27215980888062
45	63.618548606387115	167.4145674825808
46	62.98236312032324	166.60536300894316
47	62.35253948912001	189.92652950928965
48	61.72901409422881	189.7862320194256
49	61.11172395328652	162.21038842128794
50	60.500606713753655	160.8811433954666
51	59.89560064661612	163.17809536013988
52	59.29664464014996	153.4985205878439
53	58.70367819374846	153.40686850930405
54	58.116641411810974	129.87703704051415
55	57.535474997692866	136.31941554119507
56	56.960120247715935	136.31941554119504
57	56.390519045238776	149.83437787555556
58	55.82661385478639	150.27905929595863
59	55.26834771623852	151.07112611184746
60	54.71566423907614	149.1490380861137
61	54.16850759668538	147.5530604370163
62	53.62682252071853	148.97512613377592
63	53.09055429551134	148.97512613377583
64	52.55964875255623	148.94365063715202
65	52.03405226503067	154.80063775095738
66	51.51371174238036	154.80063775095732
67	50.998574624956554	154.80063775095738
68	50.488588878706985	154.16675419891538
69	49.98370298991991	150.50786067210723
70	49.483865960020715	150.50786067210703
71	48.98902730042051	150.50786067210703
72	48.4991370274163	139.59618337182965
73	48.01414565714214	139.59618337182968
74	47.53400420057071	138.61745957135065
75	47.05866415856501	138.8036431022261
76	46.58807751697936	138.5449662016299
77	46.12219674180957	142.63158673664913
78	45.66097477439147	142.90876971874363
79	45.20436502664755	142.90876971874366
80	44.752321376381076	145.60104556106563
81	44.30479816261727	141.72835709782268
82	43.861750180991095	142.71885855322083
83	43.42313267918119	136.74182056863776
84	42.98890135238938	135.5564132160099
85	42.559012338865486	136.38207222631632
86	42.133422215476834	135.16334438482474
87	41.712087993322065	134.34111154062322
88	41.29496711338884	133.57408262911014
89	40.882017442254956	133.57408262911017
90	40.473197267832404	134.06577938283272
91	40.06846529515408	139.1628018508036
92	39.66778064220254	140.1854194484323
93	39.27110283578051	141.5821914064815
94	38.8783918074227	141.58219140648157
95	38.48960788934848	138.36934329278384
96	38.104711810454994	138.3693432927838
97	37.72366469235045	147.30841070970644
98	37.34642804542694	145.75179689061585
99	36.97296376497267	145.76368786722207
100	36.60323412732294	141.5321802134218
101	36.23720178604971	141.53218021342184
102	35.874829768189215	141.3993110566097
103	35.516081470507324	141.39931105660975
104	35.16092065580225	141.39931105660975
105	34.80931144924423	141.39931105660966
106	34.461218334751784	142.71997875252487
107	34.11660615140427	141.6626989127356
108	33.775440089890225	140.6297167087522
109	33.43768568899132	141.25452117362474
110	33.10330883210141	140.66687215621835
111	32.7722757437804	140.6668721562184
112	32.44455298634259	148.87781816740875
113	32.12010745647917	149.37055705638247
114	31.798906381914374	149.6815077669645
115	31.48091731809523	142.89880038854923
116	31.16610814491428	142.14227146546827
117	30.854447063465138	142.4442255041916
118	30.545902592830487	142.4442255041916
119	30.240443566902183	144.30063649240566
120	29.93803913123316	138.83057110570314
121	29.638658739920828	137.7740987995922
122	29.34227215252162	142.48835294898657
123	29.048849430996402	142.48835294898652
124	28.758360936686437	135.76296507127162
125	28.47077732731957	135.94814181715196
126	28.186069554046373	135.6153142546879
127	27.90420885850591	135.61531425468792
128	27.625166769920853	174.4913610593229
129	27.348915102221643	174.4913610593229
130	27.075425951199424	174.2603242801254
131	26.804671691687428	172.4313460177128
132	26.536624974770554	171.33657402244214
133	26.271258725022847	171.41723493861704
134	26.00854613777262	171.15496315879705
135	25.748460676394892	170.62442349327137
136	25.490976069630943	169.43841295218957
137	25.23606630893463	170.06633124340405
138	24.983705645845284	170.06633124340408
139	24.73386858938683	168.27019725670704
140	24.48652990349296	168.27019725670704
141	24.48652990349296	146.52477468676452
142	24.24166460445803	146.21942999822835
143	23.99924795841345	148.10185917462837
144	23.759255478829314	154.05013877196757
145	23.52166292404102	154.05013877196762
146	23.28644629480061	154.0501387719672
147	23.053581831852604	149.74797412320726
148	22.82304601353408	149.74797412320788
149	22.59481555339874	149.7479741232079
150	22.36886739786475	144.28910080381988
151	22.145178723886104	144.28910080382005
152	21.923726936647242	144.28910080382005
153	21.923726936647242	142.5164927399432
154	21.704489667280768	142.5164927399432
155	21.704489667280768	142.51649273994317
156	21.48744477060796	142.51649273994315
157	21.27257032290188	142.51649273994317
158	21.059844619672862	143.18006290645357
159	20.849246173476132	146.5235025422752
160	20.64075371174137	167.08117260262978
161	20.434346174623958	162.56816777779983
162	20.230002712877717	162.56816777779974
163	20.027702685748938	153.31903992129966
164	19.82742565889145	182.3155919867571
165	19.629151402302536	182.75780119505922
166	19.43285988827951	182.7578011950597
167	19.238531289396715	185.12639285778047
168	19.046145976502746	185.12639285778062
169	18.855684516737718	186.51725715038378
170	18.66712767157034	188.67638419637032
171	18.480456394854638	187.46930533031872
172	18.295651830906092	188.03683117557873
173	18.11269531259703	189.9996238042607
174	17.931568359471058	187.81111818005846
175	17.752252675876345	186.38258194683897
176	17.57473014911758	185.5199831890821
177	17.398982847626407	194.89903225250504
178	17.22499301915014	194.8990322525051
179	17.05274308895864	194.89903225250507
180	16.882215658069054	194.89903225250507
181	16.882215658069054	194.89903225250507
182	16.713393501488362	193.48374639299982
183	16.546259566473477	193.06664326229378
184	16.380796970808742	193.0666432622938
185	16.216989001100654	193.0666432622938
186	16.054819111089646	130.07744302629885
187	15.89427091997875	128.22047674534176
188	15.735328210778961	128.25188095881785
189	15.577974928671171	128.25188095881794
190	15.42219517938446	121.32183298903266
191	15.267973227590614	113.33920670960688
192	15.115293495314708	111.25351530816349
193	14.96414056036156	111.2535153081635
194	14.814499154757945	111.2535153081635
195	14.666354163210364	111.25351530816351
196	14.519690621578262	113.11934502879149
197	14.374493715362478	113.11934502879149
198	14.230748778208852	113.11934502879146
199	14.088441290426763	113.11934502879146
200	13.947556877522496	113.81463337680336
201	13.808081308747271	113.81463337680339
202	13.670000495659798	99.83200050738161
203	13.5333004907032	99.45568028696208
204	13.397967485796167	112.02926616659431
205	13.263987810938206	112.02926616659431
206	13.131347932828824	107.98938086889717
207	13.000034453500536	111.33202582434859
208	12.87003410896553	111.33202582434869
209	12.741333767875876	111.33202582434852
210	12.613920430197117	113.50137948727426
211	12.487781225895146	113.50137948727404
212	12.362903413636195	113.50137948727405
213	12.239274379499832	113.50137948727408
214	12.116881635704834	110.20699703054905
215	11.995712819347785	110.22479552361777
216	11.875755691154307	109.84623617204704
217	11.756998134242764	111.001245399635
218	11.639428152900336	115.12613265907899
219	11.523033871371332	115.12613265907902
220	11.407803532657619	115.12613265907896
221	11.293725497331042	116.32244752166834
222	11.180788242357732	116.3224475216683
223	11.068980359934155	117.98901522354386
224	10.958290556334813	121.46346837692421
225	10.848707650771464	120.36556079242693
226	10.74022057426375	125.69630969607368
227	10.632818368521113	126.57150520699187
228	10.526490184835902	126.8011283785011
229	10.421225282987542	127.01721810306128
230	10.317013030157668	127.01721810306125
231	10.213842899856092	124.09578825093277
232	10.11170447085753	124.09578825093277
233	10.010587426148955	124.65976260087892
234	9.910481551887466	124.65976260087916
235	9.811376736368592	125.96574004366441
236	9.713262969004907	125.96574004366448
237	9.616130339314857	120.79924050527713
238	9.519969035921708	120.79924050527711
239	9.42476934556249	120.61820042706918
240	9.330521652106865	121.19639412844359
241	9.237216435585797	121.19639412844361
242	9.144844271229939	121.19639412844359
243	9.053395828517639	120.82722753161767
244	8.962861870232462	120.34996648250747
245	8.873233251530138	120.8669180272164
246	8.784500919014837	121.01173538253367
247	8.696655909824688	121.06669020483173
248	8.609689350726441	121.06669020483159
249	8.523592457219177	119.98437166003242
250	8.438356532646985	119.9843716600326
251	8.353972967320516	120.0544111279184
252	8.27043323764731	120.0544111279184
253	8.27043323764731	119.97959164804497
254	8.187728905270838	119.97959164804513
255	8.105851616218128	119.9795916480452
256	8.024793100055946	119.97959164804519
257	7.944545169055387	115.82019393445503
258	7.865099717364833	115.82019393445506
259	7.786448720191185	116.42734309604728
260	7.708584232989273	116.667946146305
261	7.63149839065938	116.52978178480333
262	7.5551834067527865	119.96540567275328
263	7.479631572685259	119.96540567275325
264	7.404835256958406	125.60985222456773
265	7.330786904388821	125.25720055176619
266	7.257479035344933	127.97446546368546
267	7.1849042449914835	130.56316610139658
268	7.1130552025415685	130.5631661013964
269	7.041924650516153	130.5631661013964
270	6.971505404010991	131.16687943273786
271	6.901790349970882	130.0944447921588
272	6.832772446471173	136.30138940026563
273	6.764444722006462	135.9810114624524
274	6.696800274786397	133.8861266271147
275	6.6298322720385325	132.9289748522779
276	6.563533949318147	133.0244675436616
277	6.497898609824966	134.23750336502536
278	6.432919623726716	132.00312696865132
279	6.3685904274894485	131.0448490319839
280	6.304904523214554	130.27754297320803
281	6.2418554779824085	125.52377786375838
282	6.1794369232025845	125.52377786375848
283	6.117642553970558	125.06316797746602
284	6.056466128430853	125.06316797746615
285	5.9959014671465445	125.06316797746612
286	5.935942452475079	124.85027447155773
287	5.8765830279503275	127.55354934016745
288	5.817817197670824	128.83492404895898
289	5.759639025694116	130.06755867274654
290	5.7020426354371745	132.50477221540976
291	5.645022209082803	132.5047722154096
292	5.588571986991974	132.50477221540973
293	5.532686267122054	132.756046080389
294	5.477359404450834	132.75604608038904
295	5.422585810406325	132.93679667794407
296	5.368359952302262	137.79315640163432
297	5.314676352779239	137.79315640163438
298	5.261529589251447	137.80434855281197
299	5.208914293358933	137.802486734078
300	5.156825150425344	137.0186420901637
301	5.10525689892109	138.2455899055208
302	5.0542043299318795	135.9828398297155
303	5.003662286632561	137.60672522751003
304	4.953625663766235	140.07305919562066
305	4.9040894071285726	139.84086934946825
306	4.8550485130572865	139.88281651548579
307	4.806498027926714	139.88281651548553
308	4.758433047647447	139.88281651548553
309	4.710848717170973	139.18564639200363
310	4.663740229999263	139.34528630364753
311	4.61710282769927	120.0757903096768
312	4.570931799422278	120.07579030967719
313	4.525222481428055	120.07579030967685
314	4.4799702566137745	122.16452352643697
315	4.4351705540476365	123.68018639585827
316	4.39081884850716	123.90142813087493
317	4.346910660022088	121.97464410094074
318	4.303441553421867	121.97464410094085
319	4.260407137887648	121.97464410094076
320	4.217803066508771	121.93579752022448
321	4.175625035843683	121.9357975202245
322	4.133868785485246	119.28900139689695
323	4.0925300976303935	116.55724502959866
324	4.05160479665409	114.07130437108535
325	4.011088748687548	113.32837617086389
326	3.970977861200673	109.90201224456352
327	3.9312680825886663	108.73346900630797
328	3.8919554017627798	108.75122402698277
329	3.853035847745152	110.68471511887236
330	3.8145054892677006	110.68471511887245
331	3.7763604343750234	110.0803703013206
332	3.7385968300312733	112.41294647508919
333	3.7012108617309605	112.4129464750892
334	3.664198753113651	112.41294647508923
335	3.6275567655825145	112.47089646356864
336	3.591281197926689	112.47089646356866
337	3.555368385947422	112.47089646356869
338	3.519814702087948	113.03481642763803
339	3.4846165550670687	112.02549169331948
340	3.449770389516398	111.4304974619227
341	3.415272685621234	111.4304974619227
342	3.3811199587650216	111.43049746192256
343	3.347308759177371	106.08937809448368
344	3.3138356715855974	106.68984516018111
345	3.2806973148697414	107.69188436927942
346	3.247890341721044	107.69188436927942
347	3.2154114383038332	108.76523506068607
348	3.183257323920795	100.79018160076276
349	3.1514247506815867	100.7901816007627
350	3.1199105031747707	97.80560736819848
351	3.088711398143023	97.3231409742765
352	3.0578242841615926	96.85479193674703
353	3.0272460413199767	96.16090708683018
354	2.996973580906777	96.16090708683053
355	2.967003845097709	96.16090708683029
356	2.9373338066467323	96.16090708682992
357	2.907960468580265	96.16090708683012
358	2.8788808638944623	96.16090708683012
359	2.8500920552555176	97.47371206997173
360	2.8215911347029623	97.28308585655705
361	2.7933752233559326	97.283085856557
362	2.765441471122373	96.86131951959337
363	2.7377870564111495	96.86131951959337
364	2.710409185847038	96.86131951959337
365	2.6833050939885674	96.86131951959341
366	2.656472043048682	96.60747052514309
367	2.629907322618195	97.98594021855753
368	2.603608249392013	100.40922863060788
369	2.577572166898093	100.40922863060788
370	2.551796445229112	101.12142315959204
371	2.526278480776821	100.532193272998
372	2.501015695969053	100.53219327299811
373	2.4760055390093623	100.5321932729981
374	2.4512454836192688	100.53219327299814
375	2.426733028783076	98.91485319525174
376	2.402465698495245	98.74263644071439
377	2.3784410415102926	98.42692822837807
378	2.3546566310951897	98.42692822837807
379	2.3311100647842378	97.46976795891058
380	2.307798964136395	97.46976795891061
381	2.2847209744950314	97.1533250876297
382	2.261873764750081	97.15332508762963
383	2.23925502710258	97.58039664989089
384	2.2168624768315546	97.58039664989087
385	2.194693852063239	97.58039664989089
386	2.1727469135426065	95.38707332920652
387	2.1510194444071806	98.12713250730161
388	2.129509249963109	98.12713250730158
389	2.108214157463478	98.65853512227626
390	2.087132015888843	98.65853512227622
391	2.0662606957299547	98.65853512227628
392	2.045598088772655	98.65853512227629
393	2.0251421078849283	98.65853512227626
394	2.004890686806079	98.65853512227628
395	1.9848417799380185	98.65853512227635
396	1.9649933621386382	98.65853512227626
397	1.9453434285172517	98.65853512227628
398	1.9258899942320793	98.65853512227639
399	1.9066310942897584	98.65853512227628
400	1.8875647833468607	98.65853512227628
401	1.868689135513392	96.91523762140281
402	1.8500022441582582	96.91523762140281
403	1.8315022217166756	96.91523762140287
404	1.8131871994995088	96.91523762140284
405	1.7950553275045138	96.91523762140284
406	1.7771047742294686	96.91523762140284
407	1.7593337264871738	96.91523762140281
408	1.741740389222302	96.91523762140281
409	1.724322985330079	96.91523762140278
410	1.7070797554767783	96.91523762140281
411	1.6900089579220106	96.25345328232854
412	1.6731088683427904	96.25345328232854
413	1.6563777796593624	96.25345328232855
414	1.6398140018627687	96.25345328232851
415	1.623415861844141	96.19360827685945
416	1.6071817032256996	96.33621346975374
417	1.5911098861934427	97.21118404132372
418	1.5751987873315083	94.76022381001442
419	1.5594467994581933	94.76022381001451
420	1.5438523314636114	94.76022381001451
421	1.5284138081489753	98.09365264158609
422	1.5131296700674854	97.07225558118722
423	1.4979983733668105	97.08466316919088
424	1.4830183896331424	97.0846631691908
425	1.468188205736811	97.08466316919086
426	1.4535063236794428	97.11864729161408
427	1.4389712604426483	97.11864729161405
428	1.4245815478382218	97.11864729161405
429	1.4103357323598396	97.11864729161405
430	1.396232375036241	97.11864729161402
431	1.3822700512858788	97.99988185511546
432	1.36844735077302	97.99428417363886
433	1.3547628772652898	97.13475401333898
434	1.341215248492637	97.13475401333898
435	1.3278030960077105	97.13475401333898
436	1.3145250650476334	97.13475401333905
437	1.301379814397157	97.13475401333905
438	1.2883660162531856	95.46523151490572
439	1.2754823560906536	95.46523151490572
440	1.2627275325297471	95.57609091504527
441	1.2501002572044497	96.21011731969104
442	1.2375992546324053	95.220879531869
443	1.2252232620860812	95.22087953186877
444	1.2129710294652205	91.0509814414279
445	1.2008413191705682	91.05098144142791
446	1.1888329059788625	91.05098144142791
447	1.1769445769190738	91.51158380441987
448	1.165175131149883	91.51158380441993
449	1.1535233798383842	91.51158380441993
450	1.1419881460400003	91.51114955331133
451	1.1305682645796002	90.3701750293366
452	1.1192625819338042	90.37017502933637
453	1.1080699561144662	90.37017502933656
454	1.0969892565533215	90.37017502933656
455	1.0860193639877882	90.37017502933652
456	1.0751591703479102	90.26464976845662
457	1.0644075786444311	90.26464976845665
458	1.0537635028579868	90.26464976845658
459	1.0432258678294068	90.26464976845662
460	1.0327936091511127	90.26464976845665
461	1.0224656730596016	90.26464976845656
462	1.0122410163290056	90.26464976845656
463	1.0021186061657157	90.26464976845654
0	1	90.26464976845654
1	1	90.26464976845654
2	1	92.15136507069214
3	0.99	92.15136507069214
4	0.99	87.72966993290473
5	0.9801	86.13235554777783
6	0.9702989999999999	86.13235554777783
7	0.9702989999999999	86.13235554777783
8	0.9702989999999999	84.48902388696428
9	0.96059601	83.37253927913785
10	0.9509900498999999	83.37253927913785
11	0.9509900498999999	83.37253927913785
12	0.9509900498999999	83.37253927913785
13	0.9509900498999999	83.37253927913785
14	0.9509900498999999	83.37253927913785
15	0.9509900498999999	83.37253927913785
16	0.9509900498999999	83.37253927913785
17	0.9509900498999999	83.37253927913785
18	0.9509900498999999	84.9761265070126
19	0.9414801494009999	84.9761265070126
20	0.9414801494009999	84.9761265070126
21	0.9414801494009999	84.80588777546893
22	0.9320653479069899	84.80588777546893
23	0.9320653479069899	84.80588777546893
24	0.9320653479069899	84.80588777546893
25	0.9320653479069899	84.80588777546893
26	0.9320653479069899	84.80588777546893
27	0.9320653479069899	83.72474074487667
28	0.92274469442792	83.72474074487667
29	0.92274469442792	83.72474074487667
30	0.92274469442792	83.72474074487667
31	0.92274469442792	83.72474074487667
32	0.92274469442792	83.72474074487667
33	0.92274469442792	83.72474074487667
34	0.92274469442792	83.72474074487667
35	0.92274469442792	83.72474074487667
36	0.92274469442792	83.72474074487667
37	0.92274469442792	83.72474074487667
38	0.92274469442792	83.72474074487667
39	0.92274469442792	83.72474074487667
40	0.92274469442792	83.72474074487667
41	0.92274469442792	84.39166685936227
42	0.9135172474836407	84.39166685936227
43	0.9135172474836407	84.39166685936227
44	0.9135172474836407	84.39166685936227
45	0.9135172474836407	84.39166685936227
46	0.9135172474836407	84.86109613085586
47	0.9043820750088043	84.86109613085586
48	0.9043820750088043	83.1984175719773
49	0.8953382542587163	80.36103307066061
50	0.8863848717161291	80.36103307066061
51	0.8863848717161291	80.36103307066061
52	0.8863848717161291	80.36103307066061
53	0.8863848717161291	80.36103307066061
54	0.8863848717161291	80.36103307066061
55	0.8863848717161291	80.36103307066061
56	0.8863848717161291	80.36103307066061
57	0.8863848717161291	80.36103307066061
58	0.8863848717161291	80.36103307066061
59	0.8863848717161291	80.36103307066061
60	0.8863848717161291	76.47815523707433
61	0.8775210229989678	76.47815523707433
62	0.8775210229989678	76.47815523707433
63	0.8775210229989678	76.47815523707433
64	0.8775210229989678	76.47815523707433
65	0.8775210229989678	76.47815523707433
66	0.8775210229989678	76.47815523707433
67	0.8775210229989678	76.47815523707433
68	0.8775210229989678	76.47815523707433
69	0.8775210229989678	76.47815523707433
70	0.8775210229989678	76.47815523707433
71	0.8687458127689781	76.47815523707433
72	0.8687458127689781	76.47815523707433
73	0.8687458127689781	76.47815523707433
74	0.8687458127689781	76.47815523707433
75	0.8687458127689781	76.47815523707433
76	0.8687458127689781	76.4781552370743
77	0.8600583546412883	76.4781552370743
78	0.8600583546412883	76.4781552370743
79	0.8600583546412883	76.4781552370743
80	0.8600583546412883	76.4781552370743
81	0.8600583546412883	75.0626259390807
82	0.8514577710948754	74.87360239364523
83	0.8429431933839266	74.87360239364519
84	0.8345137614500874	74.87360239364519
85	0.8345137614500874	74.87360239364519
86	0.8345137614500874	74.87360239364519
87	0.8345137614500874	74.87360239364519
88	0.8345137614500874	74.87360239364519
89	0.8345137614500874	74.87360239364519
90	0.8345137614500874	74.87360239364519
91	0.8345137614500874	67.9062042230981
92	0.8261686238355865	67.9062042230981
93	0.8261686238355865	67.90620422309804
94	0.8179069375972307	67.90620422309804
95	0.8179069375972307	67.90620422309804
96	0.8179069375972307	67.90620422309804
97	0.8179069375972307	67.90620422309804
98	0.8179069375972307	67.90620422309804
99	0.8179069375972307	67.90620422309804
100	0.8179069375972307	64.07027019393826
101	0.8097278682212583	64.07027019393826
102	0.8097278682212583	64.07027019393826
103	0.8097278682212583	64.07027019393834
104	0.8016305895390458	64.07027019393834
105	0.8016305895390458	64.07027019393834
106	0.8016305895390458	59.09802051526593
107	0.7936142836436553	59.09802051526593
108	0.7936142836436553	59.098020515266064
109	0.7856781408072188	59.098020515266064
110	0.7856781408072188	59.0071634889406
111	0.7778213593991465	59.0071634889406
112	0.7778213593991465	59.0071634889406
113	0.7778213593991465	59.0071634889406
114	0.7778213593991465	59.0071634889406
115	0.7778213593991465	59.0071634889406
116	0.7778213593991465	59.0071634889406
117	0.7778213593991465	59.0071634889406
118	0.7778213593991465	59.0071634889406
119	0.7778213593991465	59.00716348894046
120	0.7700431458051551	59.00716348894046
121	0.7700431458051551	59.00716348894046
122	0.7700431458051551	60.09843892193752
123	0.7623427143471035	60.09843892193752
124	0.7623427143471035	59.78686161647376
125	0.7547192872036325	59.786861616473814
126	0.7471720943315961	59.786861616473814
127	0.7471720943315961	59.786861616473814
128	0.7471720943315961	59.786861616473814
129	0.7471720943315961	59.786861616473814
130	0.7471720943315961	59.78686161647375
131	0.7397003733882802	59.78686161647375
132	0.7397003733882802	59.78686161647375
133	0.7397003733882802	59.78686161647375
134	0.7397003733882802	59.78686161647375
135	0.7397003733882802	59.78686161647375
136	0.7397003733882802	59.78686161647375
137	0.7397003733882802	59.78686161647375
138	0.7397003733882802	58.51407877031506
139	0.7323033696543974	58.51407877031506
140	0.7323033696543974	58.51407877031506
141	0.7323033696543974	59.885951395284515
142	0.7249803359578534	59.88595139528425
143	0.7177305325982748	59.88595139528425
144	0.7177305325982748	59.88595139528425
145	0.7177305325982748	59.88595139528425
146	0.7177305325982748	59.88595139528425
147	0.7177305325982748	59.88595139528425
148	0.7177305325982748	59.88595139528428
149	0.7105532272722921	59.20261074443214
150	0.7034476949995692	59.20261074443214
151	0.7034476949995692	59.20261074443202
152	0.6964132180495735	59.202610744432015
153	0.6894490858690777	59.202610744432015
154	0.6894490858690777	59.16802226721098
155	0.682554595010387	59.16802226721098
156	0.682554595010387	59.16802226721096
157	0.6757290490602831	59.16802226721095
158	0.6689717585696803	60.19978157559865
159	0.6622820409839835	60.19978157559865
160	0.6622820409839835	60.19978157559865
161	0.6556592205741436	60.19978157559865
162	0.6491026283684022	60.19978157559865
163	0.6491026283684022	60.19978157559865
164	0.6491026283684022	60.19978157559865
165	0.6491026283684022	60.19978157559863
166	0.6426116020847181	60.19978157559863
167	0.6361854860638709	60.19978157559863
168	0.6361854860638709	60.19978157559863
169	0.6361854860638709	60.19978157559863
170	0.6361854860638709	60.19978157559863
171	0.6361854860638709	60.19978157559863
172	0.6361854860638709	60.19978157559863
173	0.6361854860638709	60.19978157559863
174	0.6361854860638709	60.19978157559863
175	0.6361854860638709	60.19978157559863
176	0.6361854860638709	60.19978157559863
177	0.6361854860638709	60.19978157559863
178	0.6361854860638709	60.19978157559863
179	0.6361854860638709	60.19978157559863
180	0.6361854860638709	60.19978157559863
181	0.6361854860638709	60.19978157559863
182	0.6298236312032323	60.19978157559863
183	0.6298236312032323	60.19978157559863
184	0.6298236312032323	60.19978157559863
185	0.6298236312032323	60.3478959642677
186	0.6235253948912	60.347895964267764
187	0.617290140942288	60.34789596426781
188	0.6111172395328651	60.29465507042979
189	0.6050060671375365	60.2946550704298
190	0.5989560064661611	60.2946550704298
191	0.5989560064661611	60.29465507042971
192	0.5929664464014994	60.2946550704298
193	0.5870367819374844	60.29465507042972
194	0.5811664141181095	60.294655070429755
195	0.5753547499769285	60.294655070429755
196	0.5753547499769285	60.29465507042972
197	0.5696012024771592	60.29465507042972
198	0.5696012024771592	60.29465507042972
199	0.5696012024771592	60.29465507042972
200	0.5696012024771592	60.294655070429656
201	0.5639051904523876	58.9586181482085
202	0.5582661385478638	58.9586181482085
203	0.5582661385478638	58.9586181482085
204	0.5582661385478638	58.95861814820847
205	0.5526834771623851	58.95861814820841
206	0.5471566423907612	58.95861814820841
207	0.5471566423907612	58.95861814820841
208	0.5471566423907612	58.95861814820841
209	0.5471566423907612	58.95861814820841
210	0.5471566423907612	58.95861814820841
211	0.5471566423907612	58.95861814820841
212	0.5471566423907612	58.95861814820841
213	0.5471566423907612	58.95861814820841
214	0.5471566423907612	58.95861814820841
215	0.5471566423907612	58.95861814820841
216	0.5471566423907612	58.95861814820841
217	0.5471566423907612	58.958618148208444
218	0.5416850759668536	58.958618148208444
219	0.5416850759668536	58.958618148208444
220	0.5416850759668536	58.95861814820841
221	0.536268225207185	58.95861814820841
222	0.536268225207185	59.270045962071684
223	0.5309055429551132	59.270045962071684
224	0.5309055429551132	59.27004596207162
225	0.525596487525562	59.27004596207162
226	0.525596487525562	59.27004596207162
227	0.525596487525562	59.27004596207162
228	0.525596487525562	59.270045962071634
229	0.5203405226503064	58.96947269912185
230	0.5151371174238033	58.96947269912185
231	0.5151371174238033	58.96947269912185
232	0.5151371174238033	58.96947269912185
233	0.5151371174238033	58.96947269912185
234	0.5151371174238033	58.96947269912185
235	0.5099857462495653	58.96947269912198
236	0.5048858887870696	58.96947269912198
237	0.5048858887870696	58.969472699121894
238	0.4998370298991989	58.969472699121894
239	0.4998370298991989	58.96947269912199
240	0.49483865960020695	58.96947269912199
241	0.49483865960020695	58.96947269912199
242	0.49483865960020695	58.96947269912199
243	0.49483865960020695	58.96947269912199
244	0.49483865960020695	58.96947269912199
245	0.49483865960020695	58.96947269912199
246	0.49483865960020695	58.96947269912199
247	0.49483865960020695	58.96947269912199
248	0.49483865960020695	58.96947269912199
249	0.49483865960020695	58.9694726991219
250	0.4898902730042049	58.9694726991219
251	0.4898902730042049	58.9694726991219
252	0.4898902730042049	58.9694726991219
253	0.4898902730042049	59.270045962071684
254	0.48499137027416284	59.270045962071684
255	0.48499137027416284	59.270045962071684
256	0.48499137027416284	59.270045962071684
257	0.4801414565714212	59.270045962071684
258	0.4801414565714212	59.270045962071684
259	0.4801414565714212	59.270045962071684
260	0.4801414565714212	59.270045962071684
261	0.4801414565714212	58.4054285495841
262	0.475340042005707	58.4054285495841
263	0.475340042005707	58.4054285495841
264	0.475340042005707	58.4054285495841
265	0.475340042005707	58.4054285495841
266	0.475340042005707	58.4054285495841
267	0.475340042005707	58.40542854958413
268	0.47058664158564995	58.40542854958413
269	0.47058664158564995	58.40542854958413
270	0.47058664158564995	58.40542854958413
271	0.47058664158564995	58.40542854958413
272	0.47058664158564995	58.40542854958413
273	0.4658807751697934	58.40542854958413
274	0.4658807751697934	58.40542854958413
275	0.4658807751697934	58.40542854958404
276	0.4612219674180955	58.41366815785297
277	0.45660974774391455	58.34088148646241
278	0.4520436502664754	58.34088148646241
279	0.4520436502664754	58.34088148646241
280	0.4520436502664754	58.34088148646241
281	0.4520436502664754	58.34088148646241
282	0.4520436502664754	57.556139487154944
283	0.44752321376381066	57.556139487154994
284	0.44304798162617254	57.55613948715475
285	0.4386175018099108	57.55613948715475
286	0.4386175018099108	57.55613948715475
287	0.4386175018099108	57.55613948715475
288	0.4386175018099108	57.55613948715475
289	0.4386175018099108	57.96047537077621
290	0.4342313267918117	57.96047537077621
291	0.4342313267918117	57.96047537077621
292	0.4342313267918117	57.96047537077622
293	0.4298890135238936	57.96047537077622
294	0.4298890135238936	57.96047537077622
295	0.4298890135238936	57.96047537077622
296	0.4298890135238936	57.96047537077622
297	0.4298890135238936	57.96047537077622
298	0.4298890135238936	57.96047537077622
299	0.4298890135238936	57.96047537077622
300	0.4298890135238936	57.96047537077622
301	0.4298890135238936	57.96047537077622
302	0.4298890135238936	57.960475370775974
303	0.42559012338865465	57.960475370775974
304	0.42559012338865465	57.960475370775974
305	0.42559012338865465	57.960475370775974
306	0.42559012338865465	57.960475370775974
307	0.42559012338865465	57.960475370775974
308	0.42559012338865465	57.960475370775974
309	0.42559012338865465	57.96047537077605
310	0.4213342221547681	57.96047537077605
311	0.4213342221547681	57.96047537077605
312	0.4213342221547681	57.96047537077605
313	0.4213342221547681	57.96047537077605
314	0.4213342221547681	57.96047537077605
315	0.4213342221547681	57.96047537077605
316	0.4213342221547681	57.9604753707761
317	0.41712087993322045	57.960475370776095
318	0.41294967113388825	57.960475370776095
319	0.41294967113388825	57.960475370776095
320	0.41294967113388825	57.960475370776095
321	0.41294967113388825	57.960475370776095
322	0.41294967113388825	57.960475370776045
323	0.40882017442254937	57.960475370776045
324	0.40882017442254937	57.96047537077611
325	0.4047319726783239	57.9604753707761
326	0.40068465295154065	57.9604753707761
327	0.40068465295154065	57.9604753707761
328	0.40068465295154065	57.960475370776024
329	0.39667780642202527	57.96047537077618
330	0.392711028357805	57.96047537077618
331	0.392711028357805	57.96047537077618
332	0.392711028357805	57.96047537077618
333	0.392711028357805	57.96047537077618
334	0.392711028357805	57.96047537077618
335	0.392711028357805	57.96047537077618
336	0.392711028357805	57.96047537077618
337	0.392711028357805	57.96047537077618
338	0.392711028357805	57.96047537077618
339	0.392711028357805	57.96047537077618
340	0.392711028357805	57.96047537077618
341	0.392711028357805	57.96047537077618
342	0.392711028357805	57.96047537077618
343	0.392711028357805	57.96047537077607
344	0.38878391807422696	57.96047537077607
345	0.3848960788934847	57.96047537077607
346	0.3848960788934847	57.96047537077607
347	0.3848960788934847	57.556139487154724
348	0.38104711810454983	57.556139487154724
349	0.38104711810454983	57.556139487154724
350	0.38104711810454983	57.556139487154724
351	0.38104711810454983	57.556139487154724
352	0.38104711810454983	57.62472939706493
353	0.37723664692350434	57.62472939706493
354	0.37723664692350434	57.62472939706493
355	0.37723664692350434	57.624729397064925
356	0.37346428045426927	57.62472939706499
357	0.36972963764972655	57.62472939706499
358	0.36972963764972655	57.62472939706499
359	0.36972963764972655	57.62472939706499
360	0.36972963764972655	57.62472939706506
361	0.36603234127322926	57.62472939706506
362	0.36603234127322926	57.62472939706506
363	0.36603234127322926	57.62472939706506
364	0.36603234127322926	57.62472939706506
365	0.36603234127322926	57.62472939706506
366	0.36603234127322926	57.62472939706506
367	0.36603234127322926	57.62472939706506
368	0.36603234127322926	57.62472939706506
369	0.36603234127322926	57.62472939706506
370	0.36603234127322926	57.62472939706506
371	0.36603234127322926	57.624729397065046
372	0.36237201786049694	57.624729397065046
373	0.36237201786049694	57.624729397065046
374	0.36237201786049694	57.624729397065046
375	0.36237201786049694	57.624729397065046
376	0.36237201786049694	57.624729397065046
377	0.36237201786049694	57.624729397065046
378	0.36237201786049694	57.624729397065046
379	0.36237201786049694	57.624729397065046
380	0.36237201786049694	57.624729397065046
381	0.36237201786049694	58.006703891720356
382	0.358748297681892	58.006703891720356
383	0.358748297681892	58.00670389172036
384	0.35516081470507305	58.00670389172036
385	0.35516081470507305	58.00670389172036
386	0.35516081470507305	58.00670389172036
387	0.35516081470507305	58.00670389172036
388	0.35516081470507305	58.00670389172036
389	0.35516081470507305	58.00670389172036
390	0.35516081470507305	58.00670389172036
391	0.35516081470507305	58.00670389172019
392	0.3516092065580223	58.00670389172011
393	0.34809311449244207	58.00670389172033
394	0.34461218334751764	58.00670389172033
395	0.34461218334751764	58.00670389172024
396	0.34116606151404244	58.00670389172024
397	0.34116606151404244	58.006703891720264
398	0.337754400898902	58.006703891720264
399	0.337754400898902	58.00670389172029
400	0.334376856889913	58.00670389172029
401	0.334376856889913	58.00670389172029
402	0.334376856889913	58.00670389172029
403	0.334376856889913	58.00670389172029
404	0.334376856889913	58.00670389172029
405	0.334376856889913	58.00670389172029
406	0.334376856889913	58.00670389172029
407	0.334376856889913	58.00670389172028
408	0.33103308832101386	58.00670389172028
409	0.33103308832101386	58.00670389172033
410	0.3277227574378037	58.006703891720356
411	0.3244455298634257	58.006703891720356
412	0.3244455298634257	58.00670389172025
413	0.3212010745647914	58.00670389172033
414	0.3179890638191435	58.00670389172033
415	0.3179890638191435	58.00670389172033
416	0.3179890638191435	58.00670389172033
417	0.3179890638191435	57.624729397065025
418	0.31480917318095203	57.624729397064904
419	0.3116610814491425	57.624729397064904
420	0.3116610814491425	57.624729397064904
421	0.3116610814491425	57.624729397064904
422	0.3116610814491425	57.624729397064904
423	0.3116610814491425	57.624729397064904
424	0.3116610814491425	57.624729397064904
425	0.3116610814491425	57.624729397064904
426	0.3116610814491425	57.624729397064904
427	0.3116610814491425	57.624729397064904
428	0.3116610814491425	57.624729397064904
429	0.3116610814491425	57.624729397064904
430	0.3116610814491425	57.624729397064904
431	0.3116610814491425	57.624729397064904
432	0.3116610814491425	57.624729397064904
433	0.3116610814491425	57.624729397064954
434	0.30854447063465107	57.624729397064954
435	0.30854447063465107	57.624729397064954
436	0.30854447063465107	57.624729397064954
437	0.30854447063465107	57.624729397064954
438	0.30854447063465107	57.624729397064954
439	0.30854447063465107	57.624729397064954
440	0.30854447063465107	57.62472939706499
441	0.30545902592830454	57.62472939706499
442	0.30545902592830454	57.62472939706499
443	0.30545902592830454	57.62472939706499
444	0.30545902592830454	57.62472939706499
445	0.30545902592830454	57.62472939706499
446	0.30545902592830454	57.62472939706499
447	0.30545902592830454	57.62472939706499
448	0.3024044356690215	57.62472939706499
449	0.3024044356690215	57.62472939706499
450	0.3024044356690215	57.504392114294596
451	0.29938039131233124	57.504392114294696
452	0.2963865873992079	57.504392114294696
453	0.2963865873992079	57.5043921142947
454	0.29342272152521587	57.50439211429454
455	0.2904884943099637	57.50439211429454
456	0.28758360936686406	57.50439211429454
457	0.28758360936686406	57.50439211429454
458	0.28758360936686406	57.50439211429454
459	0.28758360936686406	57.50439211429454
460	0.2847077732731954	57.50439211429454
461	0.2847077732731954	57.50439211429454
462	0.28186069554046345	57.50439211429454
463	0.28186069554046345	57.50439211429454
464	0.28186069554046345	57.50439211429454
465	0.28186069554046345	57.50439211429454
466	0.28186069554046345	57.50439211429454
467	0.28186069554046345	57.50439211429454
468	0.28186069554046345	57.50439211429454
469	0.28186069554046345	57.50439211429454
470	0.28186069554046345	57.50439211429454
471	0.28186069554046345	57.50439211429454
472	0.28186069554046345	57.50439211429453
473	0.2790420885850588	57.50439211429453
474	0.2790420885850588	57.504392114294546
475	0.2762516676992082	57.504392114294546
476	0.2762516676992082	57.504392114294546
477	0.2762516676992082	57.504392114294546
478	0.2762516676992082	57.504392114294546
479	0.2762516676992082	57.504392114294546
480	0.2762516676992082	57.50439211429468
481	0.27348915102221616	57.50439211429468
482	0.27348915102221616	57.50439211429468
483	0.27348915102221616	57.50439211429468
484	0.27348915102221616	57.50439211429468
485	0.27348915102221616	57.50439211429456
486	0.270754259511994	57.50439211429456
487	0.270754259511994	57.50439211429456
488	0.270754259511994	57.50439211429456
489	0.270754259511994	57.50439211429456
490	0.270754259511994	57.50439211429457
491	0.26804671691687404	57.50439211429457
492	0.26804671691687404	57.66938238340414
493	0.2653662497477053	57.66938238340414
494	0.2653662497477053	57.69936336266293
495	0.2627125872502282	57.69936336266293
496	0.2627125872502282	57.69936336266293
497	0.2627125872502282	57.69936336266293
498	0.2627125872502282	57.69936336266287
499	0.2600854613777259	57.699363362662865
500	0.2574846067639487	57.699363362662865
501	0.2574846067639487	57.6993633626629
502	0.2549097606963092	57.6993633626629
503	0.2549097606963092	57.6993633626629
504	0.2549097606963092	57.6993633626629
505	0.2549097606963092	57.6993633626629
506	0.2549097606963092	57.69936336266287
507	0.2523606630893461	57.69936336266287
508	0.2523606630893461	57.6993633626629
509	0.24983705645845267	57.6993633626629
510	0.24983705645845267	57.6993633626629
511	0.24733868589386815	57.6993633626629
512	0.24486529903492946	57.6993633626629
513	0.24486529903492946	57.6993633626629
514	0.24486529903492946	57.69936336266292
515	0.24241664604458016	57.69936336266292
516	0.24241664604458016	57.69936336266292
517	0.24241664604458016	57.77379098949308
518	0.23999247958413436	57.77379098949308
519	0.23999247958413436	57.77379098949308
520	0.23999247958413436	57.77379098949308
521	0.23999247958413436	57.77379098949307
522	0.23759255478829303	57.77379098949307
523	0.23759255478829303	57.77379098949305
524	0.2352166292404101	57.77379098949305
525	0.2352166292404101	57.77379098949305
526	0.2352166292404101	57.77379098949305
527	0.232864462948006	57.77379098949293
528	0.23053581831852593	57.77379098949293
529	0.23053581831852593	57.77379098949293
530	0.23053581831852593	57.77379098949292
531	0.22823046013534068	57.77379098949292
532	0.22823046013534068	57.77379098949292
533	0.22823046013534068	57.77379098949299
534	0.22594815553398728	57.77379098949299
535	0.22368867397864742	57.77379098949299
536	0.22368867397864742	57.77379098949299
537	0.22368867397864742	57.77379098949293
538	0.22145178723886094	57.77379098949294
539	0.21923726936647234	57.77379098949294
540	0.21923726936647234	57.77379098949296
541	0.2170448966728076	57.77379098949296
542	0.2170448966728076	57.77379098949296
543	0.2170448966728076	57.77379098949296
544	0.2170448966728076	57.77379098949296
545	0.2170448966728076	57.77379098949296
546	0.2170448966728076	57.77379098949296
547	0.2170448966728076	57.77379098949296
548	0.2170448966728076	57.773790989492966
549	0.21487444770607952	57.773790989492966
550	0.21487444770607952	57.773790989492966
551	0.21487444770607952	57.773790989492966
552	0.21487444770607952	57.77379098949296
553	0.21272570322901874	57.77379098949297
554	0.21059844619672854	57.77379098949297
555	0.21059844619672854	57.77379098949297
556	0.20849246173476127	57.77379098949297
557	0.20849246173476127	57.77379098949297
558	0.20849246173476127	57.77379098949297
559	0.20849246173476127	57.77379098949298
560	0.20640753711741366	57.77379098949298
561	0.20640753711741366	57.77379098949298
562	0.20640753711741366	57.77379098949298
563	0.20434346174623952	57.77379098949298
564	0.20434346174623952	57.77379098949298
565	0.20434346174623952	57.77379098949298
566	0.20434346174623952	57.77379098949299
567	0.20230002712877712	57.77379098949299
568	0.20230002712877712	57.77379098949299
569	0.20230002712877712	57.77379098949299
570	0.20230002712877712	57.77379098949299
571	0.20230002712877712	57.77379098949299
572	0.20230002712877712	57.77379098949299
573	0.20230002712877712	57.77379098949299
574	0.20027702685748935	57.77379098949299
575	0.20027702685748935	57.77379098949299
576	0.19827425658891445	57.77379098949299
577	0.19827425658891445	57.77379098949299
578	0.19827425658891445	57.77379098949299
579	0.19827425658891445	57.77379098949299
580	0.19827425658891445	57.77379098949299
581	0.19827425658891445	57.77379098949299
582	0.19827425658891445	57.77379098949299
583	0.19827425658891445	57.77379098949298
584	0.1962915140230253	57.77379098949298
585	0.1962915140230253	57.77379098949298
586	0.1962915140230253	57.77379098949297
587	0.19432859888279505	57.77379098949295
588	0.1923853128939671	57.77379098949295
589	0.1923853128939671	57.77379098949295
590	0.1923853128939671	57.77379098949295
591	0.1923853128939671	57.77379098949295
592	0.1923853128939671	57.77379098949295
593	0.1923853128939671	57.77379098949295
594	0.19046145976502743	57.77379098949295
595	0.19046145976502743	57.77379098949295
596	0.19046145976502743	57.69936336266285
597	0.18855684516737714	57.69936336266285
598	0.18855684516737714	57.69936336266285
599	0.18855684516737714	57.69936336266287
600	0.18667127671570335	57.69936336266287
601	0.18667127671570335	57.69936336266287
602	0.18667127671570335	57.69936336266287
603	0.18667127671570335	57.69936336266287
604	0.18667127671570335	57.69936336266287
605	0.18667127671570335	57.69936336266287
606	0.18667127671570335	57.69936336266287
607	0.18667127671570335	57.69936336266287
608	0.18667127671570335	57.69936336266287
609	0.18667127671570335	57.77556235291766
610	0.18480456394854633	57.77556235291766
611	0.18480456394854633	57.77556235291766
612	0.18295651830906087	57.7755623529178
613	0.18112695312597027	57.77556235291767
614	0.17931568359471056	57.77556235291767
615	0.17931568359471056	57.77556235291767
616	0.17931568359471056	57.77556235291767
617	0.17931568359471056	57.77556235291767
618	0.17931568359471056	57.77556235291767
619	0.17931568359471056	57.77556235291767
620	0.17931568359471056	57.77556235291767
621	0.17931568359471056	57.77556235291768
622	0.17752252675876345	57.77556235291768
623	0.17752252675876345	57.77556235291768
624	0.17752252675876345	57.77556235291768
625	0.17752252675876345	57.77556235291768
626	0.17752252675876345	57.77556235291768
627	0.17752252675876345	57.77556235291768
628	0.17752252675876345	57.77556235291768
629	0.17752252675876345	57.77556235291768
630	0.17752252675876345	57.77556235291768
631	0.17752252675876345	57.77556235291768
632	0.17752252675876345	57.775562352917675
633	0.17574730149117582	57.775562352917675
634	0.17574730149117582	57.775562352917675
635	0.17574730149117582	57.775562352917675
636	0.17574730149117582	57.775562352917675
637	0.17574730149117582	57.77556235291772
638	0.17398982847626407	57.77556235291772
639	0.17398982847626407	57.77556235291772
640	0.17398982847626407	57.77556235291772
641	0.17398982847626407	57.77556235291772
642	0.17224993019150142	57.77556235291772
643	0.1705274308895864	57.77556235291772
644	0.1705274308895864	57.77556235291772
645	0.1705274308895864	57.77556235291772
646	0.1705274308895864	57.77556235291772
647	0.1705274308895864	57.77556235291772
648	0.1705274308895864	57.77556235291772
649	0.1705274308895864	57.77556235291769
650	0.16882215658069055	57.78966993221025
651	0.16713393501488363	57.78966993221025
652	0.16713393501488363	57.78966993221025
653	0.16713393501488363	57.78966993221025
654	0.16713393501488363	57.669382383404226
655	0.16546259566473479	57.66938238340422
656	0.16380796970808745	57.669382383404226
657	0.16216989001100657	57.669382383404226
658	0.16216989001100657	57.669382383404226
659	0.16216989001100657	57.669382383404226
660	0.16216989001100657	57.669382383404226
661	0.16216989001100657	57.15211690061337
662	0.1605481911108965	57.15211690061337
663	0.1605481911108965	57.15211690061326
664	0.15894270919978754	57.15211690061327
665	0.15735328210778965	57.15211690061327
666	0.15735328210778965	57.15211690061327
667	0.15735328210778965	57.15211690061327
668	0.15735328210778965	57.15211690061327
669	0.15735328210778965	57.15211690061335
670	0.15577974928671176	57.15211690061335
671	0.15577974928671176	57.15211690061335
672	0.15577974928671176	57.15211690061335
673	0.15577974928671176	57.15211690061335
674	0.15577974928671176	57.15211690061335
675	0.15577974928671176	57.15211690061335
676	0.15577974928671176	57.15211690061335
677	0.15577974928671176	57.15211690061335
678	0.15577974928671176	57.15211690061335
679	0.15577974928671176	57.152116900613365
680	0.15422195179384465	57.152116900613365
681	0.15422195179384465	57.152116900613365
682	0.15422195179384465	57.152116900613365
683	0.15422195179384465	57.152116900613365
684	0.15422195179384465	57.15211690061336
685	0.1526797322759062	57.15211690061336
686	0.1526797322759062	57.15211690061336
687	0.1526797322759062	57.15211690061336
688	0.1526797322759062	57.15211690061336
689	0.1526797322759062	57.15211690061336
690	0.1526797322759062	57.15211690061336
691	0.1526797322759062	57.15211690061336
692	0.1526797322759062	57.15211690061336
693	0.1526797322759062	57.15211690061336
694	0.1526797322759062	57.152116900613244
695	0.15115293495314713	57.18217112094488
696	0.14964140560361566	57.18217112094488
697	0.14964140560361566	57.18217112094488
698	0.14964140560361566	57.18217112094488
699	0.14964140560361566	57.182171120944936
700	0.1481449915475795	57.25839785216693
701	0.1466635416321037	57.25839785216693
702	0.1466635416321037	57.25839785216693
703	0.1466635416321037	57.25839785216693
704	0.1466635416321037	57.25839785216693
705	0.1466635416321037	57.25839785216693
706	0.1466635416321037	57.25839785216693
707	0.1466635416321037	57.39701634643334
708	0.14519690621578268	57.39701634643334
709	0.14519690621578268	57.397016346433375
710	0.14374493715362485	57.39701634643332
711	0.1423074877820886	57.397016346433325
712	0.1408844129042677	57.397016346433325
713	0.1408844129042677	57.397016346433325
714	0.13947556877522502	57.397016346433325
715	0.13947556877522502	57.39701634643338
716	0.13808081308747278	57.39701634643338
717	0.13670000495659804	57.39701634643331
718	0.13533300490703207	57.39701634643331
719	0.13533300490703207	57.39701634643331
720	0.13533300490703207	57.39701634643331
721	0.13533300490703207	57.39701634643331
722	0.13533300490703207	57.39701634643331
723	0.13533300490703207	57.39701634643331
724	0.13533300490703207	57.39701634643331
725	0.13533300490703207	57.39701634643354
726	0.13397967485796175	57.39701634643354
727	0.13397967485796175	57.39701634643359
728	0.13263987810938213	57.39701634643359
729	0.13263987810938213	57.39701634643359
730	0.13263987810938213	57.39701634643354
731	0.1313134793282883	57.39531821302311
732	0.13000034453500542	57.39531821302311
733	0.13000034453500542	57.39531821302311
734	0.13000034453500542	57.39531821302311
735	0.13000034453500542	57.39531821302311
736	0.13000034453500542	57.39531821302311
737	0.13000034453500542	57.39531821302311
738	0.13000034453500542	57.395318213023074
739	0.12870034108965536	57.395318213023074
740	0.12870034108965536	57.395318213023074
741	0.12870034108965536	57.395318213023074
742	0.12870034108965536	57.395318213023074
743	0.12870034108965536	57.395318213023074
744	0.12870034108965536	57.395318213023074
745	0.12870034108965536	57.395318213023074
746	0.12870034108965536	57.39531821302311
747	0.12741333767875881	57.39531821302314
748	0.12613920430197123	57.39531821302314
749	0.12613920430197123	57.39531821302314
750	0.12487781225895152	57.39531821302314
751	0.12487781225895152	57.39531821302314
752	0.12487781225895152	57.39531821302314
753	0.12487781225895152	57.39531821302314
754	0.12487781225895152	57.39531821302313
755	0.123629034136362	57.39531821302313
756	0.123629034136362	57.39531821302314
757	0.12239274379499838	57.39531821302314
758	0.12239274379499838	57.39531821302314
759	0.12239274379499838	57.39531821302319
760	0.1211688163570484	57.39531821302319
761	0.1211688163570484	57.39531821302319
762	0.1211688163570484	57.39531821302319
763	0.1211688163570484	57.39531821302319
764	0.1211688163570484	57.39531821302319
765	0.1211688163570484	57.39531821302319
766	0.11995712819347792	57.39531821302319
767	0.11995712819347792	57.39531821302319
768	0.11995712819347792	57.39531821302322
769	0.11875755691154315	57.39531821302316
770	0.11756998134242772	57.386764283507674
771	0.11639428152900344	57.386764283507674
772	0.11639428152900344	57.386764283507674
773	0.11523033871371341	57.386764283507674
774	0.11523033871371341	57.386764283507674
775	0.11523033871371341	57.386764283507674
776	0.11523033871371341	57.386764283507674
777	0.11523033871371341	57.386764283507674
778	0.11523033871371341	57.386764283507674
779	0.11523033871371341	57.386764283507674
780	0.11407803532657627	57.386764283507674
781	0.11407803532657627	57.386764283507674
782	0.11407803532657627	57.386764283507674
783	0.11407803532657627	57.38676428350767
784	0.11293725497331052	57.2571757160315
785	0.1118078824235774	57.2571757160315
786	0.1118078824235774	57.2571757160315
787	0.1118078824235774	57.25717571603148
788	0.11068980359934164	57.25717571603148
789	0.11068980359934164	57.25717571603148
790	0.11068980359934164	57.25717571603148
791	0.11068980359934164	57.256629582260665
792	0.10958290556334822	57.256629582260665
793	0.10958290556334822	57.256629582260665
794	0.10958290556334822	57.256629582260665
795	0.10958290556334822	57.25839785216693
796	0.10848707650771475	57.25662958226075
797	0.1074022057426376	57.25662958226076
798	0.10632818368521123	57.25662958226074
799	0.10526490184835911	57.25662958226074
800	0.10526490184835911	57.25662958226074
801	0.10526490184835911	57.25662958226074
802	0.10421225282987552	57.25662958226074
803	0.10421225282987552	57.25662958226074
804	0.10421225282987552	57.25662958226074
805	0.10421225282987552	57.25662958226074
806	0.10421225282987552	57.25662958226074
807	0.10421225282987552	57.25662958226076
808	0.10317013030157676	57.25662958226076
809	0.10317013030157676	57.25662958226076
810	0.10317013030157676	57.25662958226076
811	0.10213842899856099	57.25662958226076
812	0.10213842899856099	57.25662958226076
813	0.10111704470857538	57.25662958226074
814	0.10010587426148963	57.25662958226074
815	0.10010587426148963	57.25662958226074
816	0.10010587426148963	57.25662958226074
817	0.10010587426148963	57.25662958226073
